# Bin    val_sum    K_sum    Count
0 9.999999999992403e-05 0.000000000000000e+00 1.000000000000000e+00
1 6.497769607699683e-06 3.682696920902816e+01 2.600000000000000e+01
2 1.433790270194623e-05 1.583945107837454e+02 6.600000000000000e+01
3 1.612926360417302e-06 5.393392569099578e+02 1.580000000000000e+02
4 3.916274118245394e-07 1.036698091578143e+03 2.340000000000000e+02
5 7.773654318849489e-08 2.241523754790548e+03 4.100000000000000e+02
6 1.810981964359020e-08 3.027933579638610e+03 4.700000000000000e+02
7 7.236075450675081e-09 5.493100622919766e+03 7.380000000000000e+02
8 3.124169461957169e-09 7.316230086157989e+03 8.660000000000000e+02
9 2.093320329964497e-09 1.107093570509852e+04 1.170000000000000e+03
10 1.092017088190154e-09 1.421335335758279e+04 1.358000000000000e+03
11 5.231442798733214e-10 1.862387393368928e+04 1.626000000000000e+03
12 3.081624787304429e-10 2.454310234378271e+04 1.970000000000000e+03
13 1.748455703019098e-10 3.189618469941417e+04 2.366000000000000e+03
14 9.792132099994953e-11 3.674540205032114e+04 2.538000000000000e+03
15 6.267729555736113e-11 4.755821500255806e+04 3.074000000000000e+03
16 4.132410302582160e-11 4.944888919926017e+04 3.003000000000000e+03
17 2.939383434322158e-11 5.125862746218619e+04 2.936000000000000e+03
18 1.891200703823452e-11 4.673329709434909e+04 2.532000000000000e+03
19 1.292214654401980e-11 4.382744690592793e+04 2.252000000000000e+03
20 9.126446227922366e-12 3.724390376537398e+04 1.820000000000000e+03
21 5.354080064167118e-12 2.778517900428411e+04 1.296000000000000e+03
22 3.882556941639300e-12 2.040554614973121e+04 9.110000000000000e+02
23 2.365669651831872e-12 1.251832513867259e+04 5.340000000000000e+02
24 1.239366438134415e-12 6.220446529685479e+03 2.540000000000000e+02
25 5.070185962396051e-13 2.639827218517951e+03 1.040000000000000e+02
26 2.045566267237718e-13 1.259534770590643e+03 4.800000000000000e+01
27 4.433022310184456e-14 1.905992764470807e+02 7.000000000000000e+00
28 0.000000000000000e+00 0.000000000000000e+00 0.000000000000000e+00
