# Bin    val_sum    K_sum    Count
0 1.000000000000000e+00 0.000000000000000e+00 1.000000000000000e+00
1 2.832594104878129e-05 3.682696920902816e+01 2.600000000000000e+01
2 2.701096412959926e-05 1.583945107837454e+02 6.600000000000000e+01
3 1.789651318591337e-05 5.393392569099578e+02 1.580000000000000e+02
4 1.121631020100124e-06 1.036698091578143e+03 2.340000000000000e+02
5 1.879147831645533e-07 2.241523754790548e+03 4.100000000000000e+02
6 8.620952467752021e-08 3.027933579638610e+03 4.700000000000000e+02
7 6.407424518223061e-08 5.493100622919766e+03 7.380000000000000e+02
8 4.401300829606284e-08 7.316230086157989e+03 8.660000000000000e+02
9 4.284858279508832e-08 1.107093570509852e+04 1.170000000000000e+03
10 3.670278580250052e-08 1.421335335758279e+04 1.358000000000000e+03
11 3.248484180882589e-08 1.862387393368928e+04 1.626000000000000e+03
12 3.548000954722604e-08 2.454310234378271e+04 1.970000000000000e+03
13 3.302469008884873e-08 3.189618469941417e+04 2.366000000000000e+03
14 3.001232327608807e-08 3.674540205032114e+04 2.538000000000000e+03
15 3.366778120965509e-08 4.755821500255806e+04 3.074000000000000e+03
16 2.491609233031484e-08 4.944888919926017e+04 3.003000000000000e+03
17 1.521400585771519e-08 5.125862746218619e+04 2.936000000000000e+03
18 9.303372560629823e-09 4.673329709434909e+04 2.532000000000000e+03
19 7.311520651960188e-09 4.382744690592793e+04 2.252000000000000e+03
20 5.395369905708848e-09 3.724390376537398e+04 1.820000000000000e+03
21 3.560825155697790e-09 2.778517900428411e+04 1.296000000000000e+03
22 2.512359577143056e-09 2.040554614973121e+04 9.110000000000000e+02
23 1.435042709353309e-09 1.251832513867259e+04 5.340000000000000e+02
24 7.014332217399370e-10 6.220446529685479e+03 2.540000000000000e+02
25 2.551193156086145e-10 2.639827218517951e+03 1.040000000000000e+02
26 1.331262155532387e-10 1.259534770590643e+03 4.800000000000000e+01
27 2.557375536814427e-11 1.905992764470807e+02 7.000000000000000e+00
28 0.000000000000000e+00 0.000000000000000e+00 0.000000000000000e+00
