# Bin    val_sum    K_sum    Count
0 9.999999999992399e-05 0.000000000000000e+00 1.000000000000000e+00
1 5.036579309416622e-07 3.682696920902816e+01 2.600000000000000e+01
2 2.253684927745709e-06 1.583945107837454e+02 6.600000000000000e+01
3 2.655004345900705e-08 5.393392569099578e+02 1.580000000000000e+02
4 6.438811618991539e-09 1.036698091578143e+03 2.340000000000000e+02
5 9.192056544486544e-10 2.241523754790548e+03 4.100000000000000e+02
6 6.666658872280244e-10 3.027933579638610e+03 4.700000000000000e+02
7 2.953957910101028e-10 5.493100622919766e+03 7.380000000000000e+02
8 2.179236000089239e-10 7.316230086157989e+03 8.660000000000000e+02
9 2.234656623416642e-10 1.107093570509852e+04 1.170000000000000e+03
10 1.935499547760933e-10 1.421335335758279e+04 1.358000000000000e+03
11 5.498162708509525e-11 1.862387393368928e+04 1.626000000000000e+03
12 2.613713981817716e-11 2.454310234378271e+04 1.970000000000000e+03
13 1.741763409877615e-11 3.189618469941417e+04 2.366000000000000e+03
14 1.048986463633355e-11 3.674540205032114e+04 2.538000000000000e+03
15 7.649639561677983e-12 4.755821500255806e+04 3.074000000000000e+03
16 5.359631281146522e-12 4.944888919926017e+04 3.003000000000000e+03
17 3.563498679301596e-12 5.125862746218619e+04 2.936000000000000e+03
18 2.353010288202749e-12 4.673329709434909e+04 2.532000000000000e+03
19 1.672860978427395e-12 4.382744690592793e+04 2.252000000000000e+03
20 1.127144116541172e-12 3.724390376537398e+04 1.820000000000000e+03
21 7.694887840000457e-13 2.778517900428411e+04 1.296000000000000e+03
22 4.868571619035643e-13 2.040554614973121e+04 9.110000000000000e+02
23 2.868754155426981e-13 1.251832513867259e+04 5.340000000000000e+02
24 1.304092698933996e-13 6.220446529685479e+03 2.540000000000000e+02
25 4.885187250333897e-14 2.639827218517951e+03 1.040000000000000e+02
26 2.873507114504937e-14 1.259534770590643e+03 4.800000000000000e+01
27 5.922544599161523e-15 1.905992764470807e+02 7.000000000000000e+00
28 0.000000000000000e+00 0.000000000000000e+00 0.000000000000000e+00
