# Bin    val_sum    K_sum    Count
0 1.000000000000000e+00 0.000000000000000e+00 1.000000000000000e+00
1 5.003432733750100e-05 3.682696920902816e+01 2.600000000000000e+01
2 3.873725064855691e-05 1.583945107837454e+02 6.600000000000000e+01
3 2.601968835625284e-05 5.393392569099578e+02 1.580000000000000e+02
4 1.647994025768003e-06 1.036698091578143e+03 2.340000000000000e+02
5 2.702519521878299e-07 2.241523754790548e+03 4.100000000000000e+02
6 1.051750027513439e-07 3.027933579638610e+03 4.700000000000000e+02
7 7.751432809615396e-08 5.493100622919766e+03 7.380000000000000e+02
8 5.371572834729093e-08 7.316230086157989e+03 8.660000000000000e+02
9 5.358565019602921e-08 1.107093570509852e+04 1.170000000000000e+03
10 4.700738027683212e-08 1.421335335758279e+04 1.358000000000000e+03
11 3.710705747787277e-08 1.862387393368928e+04 1.626000000000000e+03
12 4.013665763695215e-08 2.454310234378271e+04 1.970000000000000e+03
13 4.215090442077617e-08 3.189618469941417e+04 2.366000000000000e+03
14 3.861773199465060e-08 3.674540205032114e+04 2.538000000000000e+03
15 3.871901756663581e-08 4.755821500255806e+04 3.074000000000000e+03
16 3.248014414134840e-08 4.944888919926017e+04 3.003000000000000e+03
17 1.745691292980120e-08 5.125862746218619e+04 2.936000000000000e+03
18 1.164347967463365e-08 4.673329709434909e+04 2.532000000000000e+03
19 8.270251988463821e-09 4.382744690592793e+04 2.252000000000000e+03
20 6.115823158171519e-09 3.724390376537398e+04 1.820000000000000e+03
21 4.283507665408857e-09 2.778517900428411e+04 1.296000000000000e+03
22 2.693227449893419e-09 2.040554614973121e+04 9.110000000000000e+02
23 1.467282542791898e-09 1.251832513867259e+04 5.340000000000000e+02
24 7.345221607391841e-10 6.220446529685479e+03 2.540000000000000e+02
25 3.492525542858221e-10 2.639827218517951e+03 1.040000000000000e+02
26 2.155166045891866e-10 1.259534770590643e+03 4.800000000000000e+01
27 3.799943435575728e-11 1.905992764470807e+02 7.000000000000000e+00
28 0.000000000000000e+00 0.000000000000000e+00 0.000000000000000e+00
