# Bin    val_sum    K_sum    Count
0 1.334434571179766e-07 0.000000000000000e+00 1.000000000000000e+00
1 2.785826311277758e-02 3.682696920902816e+01 2.600000000000000e+01
2 2.795879497535881e-02 1.583945107837454e+02 6.600000000000000e+01
3 1.148462817604155e-03 5.393392569099578e+02 1.580000000000000e+02
4 1.888698865325388e-04 1.036698091578143e+03 2.340000000000000e+02
5 4.310522631363508e-05 2.241523754790548e+03 4.100000000000000e+02
6 2.326848119060582e-05 3.027933579638610e+03 4.700000000000000e+02
7 1.131635179932331e-05 5.493100622919766e+03 7.380000000000000e+02
8 3.997630585691002e-06 7.316230086157989e+03 8.660000000000000e+02
9 1.667035683660910e-06 1.107093570509852e+04 1.170000000000000e+03
10 7.190342425078272e-07 1.421335335758279e+04 1.358000000000000e+03
11 3.577522688525181e-07 1.862387393368928e+04 1.626000000000000e+03
12 1.803771150327380e-07 2.454310234378271e+04 1.970000000000000e+03
13 1.115915946920093e-07 3.189618469941417e+04 2.366000000000000e+03
14 7.461223374132329e-08 3.674540205032114e+04 2.538000000000000e+03
15 6.211355750067811e-08 4.755821500255806e+04 3.074000000000000e+03
16 4.249913369948218e-08 4.944888919926017e+04 3.003000000000000e+03
17 2.615088536830600e-08 5.125862746218619e+04 2.936000000000000e+03
18 1.526497947634775e-08 4.673329709434909e+04 2.532000000000000e+03
19 9.589356465126936e-09 4.382744690592793e+04 2.252000000000000e+03
20 5.839683886185878e-09 3.724390376537398e+04 1.820000000000000e+03
21 3.456712214554525e-09 2.778517900428411e+04 1.296000000000000e+03
22 2.020851294328388e-09 2.040554614973121e+04 9.110000000000000e+02
23 1.046950008457149e-09 1.251832513867259e+04 5.340000000000000e+02
24 4.045188792102457e-10 6.220446529685479e+03 2.540000000000000e+02
25 1.468665952248876e-10 2.639827218517951e+03 1.040000000000000e+02
26 5.346991237948708e-11 1.259534770590643e+03 4.800000000000000e+01
27 6.448389026085028e-12 1.905992764470807e+02 7.000000000000000e+00
28 0.000000000000000e+00 0.000000000000000e+00 0.000000000000000e+00
