# Bin    val_sum    K_sum    Count
0 2.137751093727970e-07 0.000000000000000e+00 1.000000000000000e+00
1 3.348229078643406e-02 3.682696920902816e+01 2.600000000000000e+01
2 3.044453499051435e-02 1.583945107837454e+02 6.600000000000000e+01
3 1.651376986043308e-03 5.393392569099578e+02 1.580000000000000e+02
4 2.593038275815955e-04 1.036698091578143e+03 2.340000000000000e+02
5 6.135692300597463e-05 2.241523754790548e+03 4.100000000000000e+02
6 2.711482329165267e-05 3.027933579638610e+03 4.700000000000000e+02
7 1.384335382572230e-05 5.493100622919766e+03 7.380000000000000e+02
8 5.426857194877130e-06 7.316230086157989e+03 8.660000000000000e+02
9 2.118670154623703e-06 1.107093570509852e+04 1.170000000000000e+03
10 9.008595061634418e-07 1.421335335758279e+04 1.358000000000000e+03
11 4.414776129448097e-07 1.862387393368928e+04 1.626000000000000e+03
12 2.258573075876132e-07 2.454310234378271e+04 1.970000000000000e+03
13 1.390481787144766e-07 3.189618469941417e+04 2.366000000000000e+03
14 9.231947882825110e-08 3.674540205032114e+04 2.538000000000000e+03
15 7.874971384378903e-08 4.755821500255806e+04 3.074000000000000e+03
16 5.276805725763457e-08 4.944888919926017e+04 3.003000000000000e+03
17 3.054878067248012e-08 5.125862746218619e+04 2.936000000000000e+03
18 1.858813951414314e-08 4.673329709434909e+04 2.532000000000000e+03
19 1.145232202504190e-08 4.382744690592793e+04 2.252000000000000e+03
20 7.115548056806330e-09 3.724390376537398e+04 1.820000000000000e+03
21 4.021593918443487e-09 2.778517900428411e+04 1.296000000000000e+03
22 2.406437222194088e-09 2.040554614973121e+04 9.110000000000000e+02
23 1.115877116220829e-09 1.251832513867259e+04 5.340000000000000e+02
24 4.385627073343245e-10 6.220446529685479e+03 2.540000000000000e+02
25 1.790429582774180e-10 2.639827218517951e+03 1.040000000000000e+02
26 5.236804123237232e-11 1.259534770590643e+03 4.800000000000000e+01
27 9.885104460960257e-12 1.905992764470807e+02 7.000000000000000e+00
28 0.000000000000000e+00 0.000000000000000e+00 0.000000000000000e+00
