# Bin    val_sum    K_sum    Count
0 9.999999999992403e-05 0.000000000000000e+00 1.000000000000000e+00
1 1.498346419205955e-08 3.682696920902816e+01 2.600000000000000e+01
2 1.080718263565482e-07 1.583945107837454e+02 6.600000000000000e+01
3 6.216297448963530e-11 5.393392569099578e+02 1.580000000000000e+02
4 1.115155815828815e-11 1.036698091578143e+03 2.340000000000000e+02
5 1.445973335256603e-11 2.241523754790548e+03 4.100000000000000e+02
6 2.930288090239023e-11 3.027933579638610e+03 4.700000000000000e+02
7 8.259960207643107e-12 5.493100622919766e+03 7.380000000000000e+02
8 1.016934598963932e-11 7.316230086157989e+03 8.660000000000000e+02
9 1.690538127422717e-11 1.107093570509852e+04 1.170000000000000e+03
10 1.813652396052848e-11 1.421335335758279e+04 1.358000000000000e+03
11 5.268211979028129e-12 1.862387393368928e+04 1.626000000000000e+03
12 3.036701359398688e-12 2.454310234378271e+04 1.970000000000000e+03
13 2.316780531829899e-12 3.189618469941417e+04 2.366000000000000e+03
14 1.693181664851593e-12 3.674540205032114e+04 2.538000000000000e+03
15 1.479453150017010e-12 4.755821500255806e+04 3.074000000000000e+03
16 1.023997979328804e-12 4.944888919926017e+04 3.003000000000000e+03
17 5.651646162258755e-13 5.125862746218619e+04 2.936000000000000e+03
18 3.238325066767093e-13 4.673329709434909e+04 2.532000000000000e+03
19 2.373146905339128e-13 4.382744690592793e+04 2.252000000000000e+03
20 1.712592064268273e-13 3.724390376537398e+04 1.820000000000000e+03
21 1.104431465079178e-13 2.778517900428411e+04 1.296000000000000e+03
22 7.385537430756292e-14 2.040554614973121e+04 9.110000000000000e+02
23 4.633594884603759e-14 1.251832513867259e+04 5.340000000000000e+02
24 2.472133291132840e-14 6.220446529685479e+03 2.540000000000000e+02
25 1.123726230475541e-14 2.639827218517951e+03 1.040000000000000e+02
26 6.214902958800664e-15 1.259534770590643e+03 4.800000000000000e+01
27 7.081285586350365e-16 1.905992764470807e+02 7.000000000000000e+00
28 0.000000000000000e+00 0.000000000000000e+00 0.000000000000000e+00
