# Bin    val_sum    K_sum    Count
0 1.000000000000000e+00 0.000000000000000e+00 1.000000000000000e+00
1 1.766512701490215e-08 3.682696920902816e+01 2.600000000000000e+01
2 7.292377476683829e-08 1.583945107837454e+02 6.600000000000000e+01
3 1.043139483035080e-07 5.393392569099578e+02 1.580000000000000e+02
4 1.588403510753431e-08 1.036698091578143e+03 2.340000000000000e+02
5 1.674477914161342e-08 2.241523754790548e+03 4.100000000000000e+02
6 1.188301799251887e-08 3.027933579638610e+03 4.700000000000000e+02
7 6.839758804288537e-09 5.493100622919766e+03 7.380000000000000e+02
8 6.759109111632252e-09 7.316230086157989e+03 8.660000000000000e+02
9 7.199442084182657e-09 1.107093570509852e+04 1.170000000000000e+03
10 4.885296545074056e-09 1.421335335758279e+04 1.358000000000000e+03
11 4.057702861008154e-09 1.862387393368928e+04 1.626000000000000e+03
12 4.719251224229681e-09 2.454310234378271e+04 1.970000000000000e+03
13 4.413248455510485e-09 3.189618469941417e+04 2.366000000000000e+03
14 3.872157112849115e-09 3.674540205032114e+04 2.538000000000000e+03
15 4.295514446781214e-09 4.755821500255806e+04 3.074000000000000e+03
16 3.072690612286217e-09 4.944888919926017e+04 3.003000000000000e+03
17 2.005623447370800e-09 5.125862746218619e+04 2.936000000000000e+03
18 1.391555277972688e-09 4.673329709434909e+04 2.532000000000000e+03
19 1.172511994560583e-09 4.382744690592793e+04 2.252000000000000e+03
20 9.021151314761325e-10 3.724390376537398e+04 1.820000000000000e+03
21 6.111907086568583e-10 2.778517900428411e+04 1.296000000000000e+03
22 4.514386038831119e-10 2.040554614973121e+04 9.110000000000000e+02
23 3.328203080730380e-10 1.251832513867259e+04 5.340000000000000e+02
24 1.658379542838832e-10 6.220446529685479e+03 2.540000000000000e+02
25 7.043046425085526e-11 2.639827218517951e+03 1.040000000000000e+02
26 3.782264647043809e-11 1.259534770590643e+03 4.800000000000000e+01
27 2.569241504001827e-12 1.905992764470807e+02 7.000000000000000e+00
28 0.000000000000000e+00 0.000000000000000e+00 0.000000000000000e+00
