# Bin    val_sum    K_sum    Count
0 9.999999999992403e-05 0.000000000000000e+00 1.000000000000000e+00
1 2.543939266935896e-07 3.682696920902816e+01 2.600000000000000e+01
2 1.320186367892157e-06 1.583945107837454e+02 6.600000000000000e+01
3 8.625757691739382e-09 5.393392569099578e+02 1.580000000000000e+02
4 1.955206649322069e-09 1.036698091578143e+03 2.340000000000000e+02
5 4.036410187914586e-10 2.241523754790548e+03 4.100000000000000e+02
6 3.891516725114705e-10 3.027933579638610e+03 4.700000000000000e+02
7 1.492191205195246e-10 5.493100622919766e+03 7.380000000000000e+02
8 1.304820724658941e-10 7.316230086157989e+03 8.660000000000000e+02
9 1.506069446859287e-10 1.107093570509852e+04 1.170000000000000e+03
10 1.350250347256899e-10 1.421335335758279e+04 1.358000000000000e+03
11 3.463043259466034e-11 1.862387393368928e+04 1.626000000000000e+03
12 1.692299654643742e-11 2.454310234378271e+04 1.970000000000000e+03
13 1.041752809229445e-11 3.189618469941417e+04 2.366000000000000e+03
14 6.278985709552485e-12 3.674540205032114e+04 2.538000000000000e+03
15 5.041212707321673e-12 4.755821500255806e+04 3.074000000000000e+03
16 3.726887846253349e-12 4.944888919926017e+04 3.003000000000000e+03
17 2.384229873280824e-12 5.125862746218619e+04 2.936000000000000e+03
18 1.556361609955091e-12 4.673329709434909e+04 2.532000000000000e+03
19 1.134172598076761e-12 4.382744690592793e+04 2.252000000000000e+03
20 7.779966511012447e-13 3.724390376537398e+04 1.820000000000000e+03
21 4.920545783973165e-13 2.778517900428411e+04 1.296000000000000e+03
22 3.536375618326410e-13 2.040554614973121e+04 9.110000000000000e+02
23 1.949274538080051e-13 1.251832513867259e+04 5.340000000000000e+02
24 8.708337898737223e-14 6.220446529685479e+03 2.540000000000000e+02
25 3.653495443591796e-14 2.639827218517951e+03 1.040000000000000e+02
26 1.938466769142259e-14 1.259534770590643e+03 4.800000000000000e+01
27 2.112722388353751e-15 1.905992764470807e+02 7.000000000000000e+00
28 0.000000000000000e+00 0.000000000000000e+00 0.000000000000000e+00
