# Bin    val_sum    K_sum    Count
0 1.000000000000000e+00 0.000000000000000e+00 1.000000000000000e+00
1 1.867356281935747e-04 3.682696920902816e+01 2.600000000000000e+01
2 8.463836850243518e-05 1.583945107837454e+02 6.600000000000000e+01
3 6.721650417821854e-05 5.393392569099578e+02 1.580000000000000e+02
4 4.576991647952087e-06 1.036698091578143e+03 2.340000000000000e+02
5 9.529076682695821e-07 2.241523754790548e+03 4.100000000000000e+02
6 2.103792898693700e-07 3.027933579638610e+03 4.700000000000000e+02
7 1.342820285491550e-07 5.493100622919766e+03 7.380000000000000e+02
8 1.000351089707984e-07 7.316230086157989e+03 8.660000000000000e+02
9 9.576299576314252e-08 1.107093570509852e+04 1.170000000000000e+03
10 7.864610463826223e-08 1.421335335758279e+04 1.358000000000000e+03
11 6.559852955721719e-08 1.862387393368928e+04 1.626000000000000e+03
12 8.455021099054608e-08 2.454310234378271e+04 1.970000000000000e+03
13 8.050799813248834e-08 3.189618469941417e+04 2.366000000000000e+03
14 7.106014120911384e-08 3.674540205032114e+04 2.538000000000000e+03
15 7.715900862780046e-08 4.755821500255806e+04 3.074000000000000e+03
16 5.874059081897144e-08 4.944888919926017e+04 3.003000000000000e+03
17 3.125855414219775e-08 5.125862746218619e+04 2.936000000000000e+03
18 1.991181424104681e-08 4.673329709434909e+04 2.532000000000000e+03
19 1.473712607948651e-08 4.382744690592793e+04 2.252000000000000e+03
20 1.054234914864205e-08 3.724390376537398e+04 1.820000000000000e+03
21 6.795684899757423e-09 2.778517900428411e+04 1.296000000000000e+03
22 4.432003901128256e-09 2.040554614973121e+04 9.110000000000000e+02
23 2.242039727612778e-09 1.251832513867259e+04 5.340000000000000e+02
24 9.125178092615532e-10 6.220446529685479e+03 2.540000000000000e+02
25 4.733691466151358e-10 2.639827218517951e+03 1.040000000000000e+02
26 2.359718175516263e-10 1.259534770590643e+03 4.800000000000000e+01
27 1.083466429531208e-11 1.905992764470807e+02 7.000000000000000e+00
28 0.000000000000000e+00 0.000000000000000e+00 0.000000000000000e+00
