# Bin    val_sum    K_sum    Count
0 8.654515427547103e-09 0.000000000000000e+00 1.000000000000000e+00
1 1.503703752192043e-02 3.682696920902816e+01 2.600000000000000e+01
2 2.046656742039201e-02 1.583945107837454e+02 6.600000000000000e+01
3 3.140126160641014e-04 5.393392569099578e+02 1.580000000000000e+02
4 6.240733169107273e-05 1.036698091578143e+03 2.340000000000000e+02
5 1.466226284779976e-05 2.241523754790548e+03 4.100000000000000e+02
6 1.427442677935808e-05 3.027933579638610e+03 4.700000000000000e+02
7 4.740734126048328e-06 5.493100622919766e+03 7.380000000000000e+02
8 1.632637372765698e-06 7.316230086157989e+03 8.660000000000000e+02
9 8.752684893181718e-07 1.107093570509852e+04 1.170000000000000e+03
10 4.211080570115495e-07 1.421335335758279e+04 1.358000000000000e+03
11 1.857251651086373e-07 1.862387393368928e+04 1.626000000000000e+03
12 9.858673032574911e-08 2.454310234378271e+04 1.970000000000000e+03
13 6.444429855086326e-08 3.189618469941417e+04 2.366000000000000e+03
14 3.712763249846388e-08 3.674540205032114e+04 2.538000000000000e+03
15 3.038667706768927e-08 4.755821500255806e+04 3.074000000000000e+03
16 2.149541276071060e-08 4.944888919926017e+04 3.003000000000000e+03
17 1.344049221001620e-08 5.125862746218619e+04 2.936000000000000e+03
18 8.586957706703386e-09 4.673329709434909e+04 2.532000000000000e+03
19 5.348087539319448e-09 4.382744690592793e+04 2.252000000000000e+03
20 3.337458734133246e-09 3.724390376537398e+04 1.820000000000000e+03
21 1.989157267954773e-09 2.778517900428411e+04 1.296000000000000e+03
22 1.181131192243486e-09 2.040554614973121e+04 9.110000000000000e+02
23 6.224169553737235e-10 1.251832513867259e+04 5.340000000000000e+02
24 2.499866091840431e-10 6.220446529685479e+03 2.540000000000000e+02
25 9.320761178286652e-11 2.639827218517951e+03 1.040000000000000e+02
26 3.468481093084028e-11 1.259534770590643e+03 4.800000000000000e+01
27 5.385896228401328e-12 1.905992764470807e+02 7.000000000000000e+00
28 0.000000000000000e+00 0.000000000000000e+00 0.000000000000000e+00
