# Bin    val_sum    K_sum    Count
0 9.999999999992403e-05 0.000000000000000e+00 1.000000000000000e+00
1 4.792250925775619e-06 3.682696920902816e+01 2.600000000000000e+01
2 1.172812425530868e-05 1.583945107837454e+02 6.600000000000000e+01
3 1.017658900114951e-06 5.393392569099578e+02 1.580000000000000e+02
4 2.507023374316480e-07 1.036698091578143e+03 2.340000000000000e+02
5 4.155402412903631e-08 2.241523754790548e+03 4.100000000000000e+02
6 1.050592614944513e-08 3.027933579638610e+03 4.700000000000000e+02
7 4.422696114020592e-09 5.493100622919766e+03 7.380000000000000e+02
8 2.054291784543335e-09 7.316230086157989e+03 8.660000000000000e+02
9 1.360493391551372e-09 1.107093570509852e+04 1.170000000000000e+03
10 7.705637805705734e-10 1.421335335758279e+04 1.358000000000000e+03
11 3.579651161147878e-10 1.862387393368928e+04 1.626000000000000e+03
12 2.144464125395608e-10 2.454310234378271e+04 1.970000000000000e+03
13 1.191240510025796e-10 3.189618469941417e+04 2.366000000000000e+03
14 6.875079405535936e-11 3.674540205032114e+04 2.538000000000000e+03
15 4.510949991052808e-11 4.755821500255806e+04 3.074000000000000e+03
16 3.141704007313119e-11 4.944888919926017e+04 3.003000000000000e+03
17 2.135284565496629e-11 5.125862746218619e+04 2.936000000000000e+03
18 1.345067313968287e-11 4.673329709434909e+04 2.532000000000000e+03
19 9.382530066909804e-12 4.382744690592793e+04 2.252000000000000e+03
20 6.535406160083158e-12 3.724390376537398e+04 1.820000000000000e+03
21 4.147507665772551e-12 2.778517900428411e+04 1.296000000000000e+03
22 2.666581645528120e-12 2.040554614973121e+04 9.110000000000000e+02
23 1.686321358475604e-12 1.251832513867259e+04 5.340000000000000e+02
24 9.102414301032704e-13 6.220446529685479e+03 2.540000000000000e+02
25 3.231312400560369e-13 2.639827218517951e+03 1.040000000000000e+02
26 1.528744356571482e-13 1.259534770590643e+03 4.800000000000000e+01
27 2.982682816640909e-14 1.905992764470807e+02 7.000000000000000e+00
28 0.000000000000000e+00 0.000000000000000e+00 0.000000000000000e+00
