# Bin    val_sum    K_sum    Count
0 9.999999999992403e-05 0.000000000000000e+00 1.000000000000000e+00
1 1.444404229332672e-06 3.682696920902816e+01 2.600000000000000e+01
2 5.093594856991482e-06 1.583945107837454e+02 6.600000000000000e+01
3 1.512133915235406e-07 5.393392569099578e+02 1.580000000000000e+02
4 3.870331586658909e-08 1.036698091578143e+03 2.340000000000000e+02
5 4.240888998047328e-09 2.241523754790548e+03 4.100000000000000e+02
6 1.806085026931683e-09 3.027933579638610e+03 4.700000000000000e+02
7 9.140259529595760e-10 5.493100622919766e+03 7.380000000000000e+02
8 5.148773617094692e-10 7.316230086157989e+03 8.660000000000000e+02
9 4.288938237386070e-10 1.107093570509852e+04 1.170000000000000e+03
10 3.346836260358805e-10 1.421335335758279e+04 1.358000000000000e+03
11 1.193290220674793e-10 1.862387393368928e+04 1.626000000000000e+03
12 6.794005088314025e-11 2.454310234378271e+04 1.970000000000000e+03
13 4.065945463941673e-11 3.189618469941417e+04 2.366000000000000e+03
14 2.336982361823073e-11 3.674540205032114e+04 2.538000000000000e+03
15 1.570041222427785e-11 4.755821500255806e+04 3.074000000000000e+03
16 1.069180403741386e-11 4.944888919926017e+04 3.003000000000000e+03
17 7.324122387471558e-12 5.125862746218619e+04 2.936000000000000e+03
18 5.142872248159858e-12 4.673329709434909e+04 2.532000000000000e+03
19 3.524650093210643e-12 4.382744690592793e+04 2.252000000000000e+03
20 2.397431791742693e-12 3.724390376537398e+04 1.820000000000000e+03
21 1.506734090654646e-12 2.778517900428411e+04 1.296000000000000e+03
22 9.627825599799607e-13 2.040554614973121e+04 9.110000000000000e+02
23 4.912444320252751e-13 1.251832513867259e+04 5.340000000000000e+02
24 2.446430479572927e-13 6.220446529685479e+03 2.540000000000000e+02
25 8.842720323339848e-14 2.639827218517951e+03 1.040000000000000e+02
26 4.083133113978955e-14 1.259534770590643e+03 4.800000000000000e+01
27 4.290046664876033e-15 1.905992764470807e+02 7.000000000000000e+00
28 0.000000000000000e+00 0.000000000000000e+00 0.000000000000000e+00
