# Bin    val_sum    K_sum    Count
0 1.000000000000000e+00 0.000000000000000e+00 1.000000000000000e+00
1 4.550904444952687e-12 3.682696920902816e+01 2.600000000000000e+01
2 2.959561061708312e-10 1.583945107837454e+02 6.600000000000000e+01
3 5.925385213936576e-11 5.393392569099578e+02 1.580000000000000e+02
4 6.503893074755783e-11 1.036698091578143e+03 2.340000000000000e+02
5 3.378435038360760e-10 2.241523754790548e+03 4.100000000000000e+02
6 2.971234301530222e-10 3.027933579638610e+03 4.700000000000000e+02
7 2.506109153659493e-10 5.493100622919766e+03 7.380000000000000e+02
8 3.030780371887257e-10 7.316230086157989e+03 8.660000000000000e+02
9 3.437744761232011e-10 1.107093570509852e+04 1.170000000000000e+03
10 2.931229639969312e-10 1.421335335758279e+04 1.358000000000000e+03
11 2.459494131429831e-10 1.862387393368928e+04 1.626000000000000e+03
12 2.525953066849915e-10 2.454310234378271e+04 1.970000000000000e+03
13 2.638875022583703e-10 3.189618469941417e+04 2.366000000000000e+03
14 2.207640591167282e-10 3.674540205032114e+04 2.538000000000000e+03
15 2.287691921478504e-10 4.755821500255806e+04 3.074000000000000e+03
16 1.954407694019389e-10 4.944888919926017e+04 3.003000000000000e+03
17 1.526197526839810e-10 5.125862746218619e+04 2.936000000000000e+03
18 1.084169060870598e-10 4.673329709434909e+04 2.532000000000000e+03
19 8.779831103648050e-11 4.382744690592793e+04 2.252000000000000e+03
20 6.778851113172856e-11 3.724390376537398e+04 1.820000000000000e+03
21 4.891692806240267e-11 2.778517900428411e+04 1.296000000000000e+03
22 2.949228662028982e-11 2.040554614973121e+04 9.110000000000000e+02
23 1.706627732452600e-11 1.251832513867259e+04 5.340000000000000e+02
24 8.800149149647083e-12 6.220446529685479e+03 2.540000000000000e+02
25 4.653305991395364e-12 2.639827218517951e+03 1.040000000000000e+02
26 2.213703613157175e-12 1.259534770590643e+03 4.800000000000000e+01
27 4.851886047888219e-14 1.905992764470807e+02 7.000000000000000e+00
28 0.000000000000000e+00 0.000000000000000e+00 0.000000000000000e+00
