# Bin    val_sum    K_sum    Count
0 1.000000000000000e+00 0.000000000000000e+00 1.000000000000000e+00
1 2.600586855702558e-04 3.682696920902816e+01 2.600000000000000e+01
2 1.068699259971459e-04 1.583945107837454e+02 6.600000000000000e+01
3 8.579125521319096e-05 5.393392569099578e+02 1.580000000000000e+02
4 7.006526444783258e-06 1.036698091578143e+03 2.340000000000000e+02
5 1.430970708386815e-06 2.241523754790548e+03 4.100000000000000e+02
6 2.852595241538566e-07 3.027933579638610e+03 4.700000000000000e+02
7 1.478450900494126e-07 5.493100622919766e+03 7.380000000000000e+02
8 1.213457489106021e-07 7.316230086157989e+03 8.660000000000000e+02
9 1.150077561061766e-07 1.107093570509852e+04 1.170000000000000e+03
10 8.780055075074109e-08 1.421335335758279e+04 1.358000000000000e+03
11 8.152915631679661e-08 1.862387393368928e+04 1.626000000000000e+03
12 9.419830648392478e-08 2.454310234378271e+04 1.970000000000000e+03
13 9.752525833688178e-08 3.189618469941417e+04 2.366000000000000e+03
14 8.418608247614228e-08 3.674540205032114e+04 2.538000000000000e+03
15 8.961009706007822e-08 4.755821500255806e+04 3.074000000000000e+03
16 6.784448016287480e-08 4.944888919926017e+04 3.003000000000000e+03
17 3.715854230209417e-08 5.125862746218619e+04 2.936000000000000e+03
18 2.296715065900134e-08 4.673329709434909e+04 2.532000000000000e+03
19 1.744076591905485e-08 4.382744690592793e+04 2.252000000000000e+03
20 1.222647826797598e-08 3.724390376537398e+04 1.820000000000000e+03
21 7.930020139153610e-09 2.778517900428411e+04 1.296000000000000e+03
22 5.362333167383814e-09 2.040554614973121e+04 9.110000000000000e+02
23 2.682608871045250e-09 1.251832513867259e+04 5.340000000000000e+02
24 1.078376279661383e-09 6.220446529685479e+03 2.540000000000000e+02
25 7.185551775859173e-10 2.639827218517951e+03 1.040000000000000e+02
26 2.277370774275769e-10 1.259534770590643e+03 4.800000000000000e+01
27 3.616879544240657e-11 1.905992764470807e+02 7.000000000000000e+00
28 0.000000000000000e+00 0.000000000000000e+00 0.000000000000000e+00
