# Bin    val_sum    K_sum    Count
0 1.968878062480945e-12 0.000000000000000e+00 1.000000000000000e+00
1 1.042875827652805e-03 3.682696920902816e+01 2.600000000000000e+01
2 2.648216267810721e-03 1.583945107837454e+02 6.600000000000000e+01
3 4.795331843844909e-07 5.393392569099578e+02 1.580000000000000e+02
4 1.166323385252504e-07 1.036698091578143e+03 2.340000000000000e+02
5 2.122259181333724e-07 2.241523754790548e+03 4.100000000000000e+02
6 3.896745911688959e-07 3.027933579638610e+03 4.700000000000000e+02
7 8.692910094670124e-08 5.493100622919766e+03 7.380000000000000e+02
8 5.942525444523747e-08 7.316230086157989e+03 8.660000000000000e+02
9 5.865528123778045e-08 1.107093570509852e+04 1.170000000000000e+03
10 3.441780689402935e-08 1.421335335758279e+04 1.358000000000000e+03
11 1.623166936613431e-08 1.862387393368928e+04 1.626000000000000e+03
12 1.035453773762269e-08 2.454310234378271e+04 1.970000000000000e+03
13 6.222146977222560e-09 3.189618469941417e+04 2.366000000000000e+03
14 3.467854623066131e-09 3.674540205032114e+04 2.538000000000000e+03
15 2.361381017455439e-09 4.755821500255806e+04 3.074000000000000e+03
16 1.531601577379017e-09 4.944888919926017e+04 3.003000000000000e+03
17 1.145912526310842e-09 5.125862746218619e+04 2.936000000000000e+03
18 7.459800903313588e-10 4.673329709434909e+04 2.532000000000000e+03
19 5.217749453522382e-10 4.382744690592793e+04 2.252000000000000e+03
20 3.446088433765241e-10 3.724390376537398e+04 1.820000000000000e+03
21 2.011241673913019e-10 2.778517900428411e+04 1.296000000000000e+03
22 1.348021193150126e-10 2.040554614973121e+04 9.110000000000000e+02
23 8.236136785824572e-11 1.251832513867259e+04 5.340000000000000e+02
24 3.123020100928823e-11 6.220446529685479e+03 2.540000000000000e+02
25 1.070414058954684e-11 2.639827218517951e+03 1.040000000000000e+02
26 3.087895070694789e-12 1.259534770590643e+03 4.800000000000000e+01
27 2.231335578486773e-13 1.905992764470807e+02 7.000000000000000e+00
28 0.000000000000000e+00 0.000000000000000e+00 0.000000000000000e+00
