# Bin    val_sum    K_sum    Count
0 9.999999999992403e-05 0.000000000000000e+00 1.000000000000000e+00
1 1.263572559205009e-07 3.682696920902816e+01 2.600000000000000e+01
2 7.470158175923627e-07 1.583945107837454e+02 6.600000000000000e+01
3 2.693835766429895e-09 5.393392569099578e+02 1.580000000000000e+02
4 5.650691619048592e-10 1.036698091578143e+03 2.340000000000000e+02
5 1.812406751953026e-10 2.241523754790548e+03 4.100000000000000e+02
6 2.161425584958846e-10 3.027933579638610e+03 4.700000000000000e+02
7 7.378245491807778e-11 5.493100622919766e+03 7.380000000000000e+02
8 7.433619467290485e-11 7.316230086157989e+03 8.660000000000000e+02
9 9.701437827483172e-11 1.107093570509852e+04 1.170000000000000e+03
10 8.765749387540032e-11 1.421335335758279e+04 1.358000000000000e+03
11 2.235795347378563e-11 1.862387393368928e+04 1.626000000000000e+03
12 1.141577226043030e-11 2.454310234378271e+04 1.970000000000000e+03
13 6.576179728767375e-12 3.189618469941417e+04 2.366000000000000e+03
14 4.377715787951159e-12 3.674540205032114e+04 2.538000000000000e+03
15 3.756859816336139e-12 4.755821500255806e+04 3.074000000000000e+03
16 2.613594159580394e-12 4.944888919926017e+04 3.003000000000000e+03
17 1.669542054096114e-12 5.125862746218619e+04 2.936000000000000e+03
18 1.073386730347848e-12 4.673329709434909e+04 2.532000000000000e+03
19 7.764812884382328e-13 4.382744690592793e+04 2.252000000000000e+03
20 5.630098873575541e-13 3.724390376537398e+04 1.820000000000000e+03
21 3.495344139555057e-13 2.778517900428411e+04 1.296000000000000e+03
22 2.429371869078322e-13 2.040554614973121e+04 9.110000000000000e+02
23 1.329661547737359e-13 1.251832513867259e+04 5.340000000000000e+02
24 6.850732139695264e-14 6.220446529685479e+03 2.540000000000000e+02
25 3.169178362947452e-14 2.639827218517951e+03 1.040000000000000e+02
26 1.039566551696434e-14 1.259534770590643e+03 4.800000000000000e+01
27 1.822280828670913e-15 1.905992764470807e+02 7.000000000000000e+00
28 0.000000000000000e+00 0.000000000000000e+00 0.000000000000000e+00
