# Bin    val_sum    K_sum    Count
0 1.036840884754267e-14 0.000000000000000e+00 1.000000000000000e+00
1 1.414338466806176e-04 3.682696920902816e+01 2.600000000000000e+01
2 4.356155235921848e-04 1.583945107837454e+02 6.600000000000000e+01
3 1.510764813532546e-09 5.393392569099578e+02 1.580000000000000e+02
4 7.850324743109676e-10 1.036698091578143e+03 2.340000000000000e+02
5 3.996270013952552e-09 2.241523754790548e+03 4.100000000000000e+02
6 9.381536874207531e-09 3.027933579638610e+03 4.700000000000000e+02
7 2.313691728230630e-09 5.493100622919766e+03 7.380000000000000e+02
8 1.668705975505933e-09 7.316230086157989e+03 8.660000000000000e+02
9 2.429458641860362e-09 1.107093570509852e+04 1.170000000000000e+03
10 2.361178029462750e-09 1.421335335758279e+04 1.358000000000000e+03
11 9.564689705197077e-10 1.862387393368928e+04 1.626000000000000e+03
12 6.437188316293221e-10 2.454310234378271e+04 1.970000000000000e+03
13 4.947196051749992e-10 3.189618469941417e+04 2.366000000000000e+03
14 2.882643020766388e-10 3.674540205032114e+04 2.538000000000000e+03
15 1.761142894508057e-10 4.755821500255806e+04 3.074000000000000e+03
16 1.038127391034751e-10 4.944888919926017e+04 3.003000000000000e+03
17 8.179437776760210e-11 5.125862746218619e+04 2.936000000000000e+03
18 5.164789096321585e-11 4.673329709434909e+04 2.532000000000000e+03
19 3.604284595977947e-11 4.382744690592793e+04 2.252000000000000e+03
20 2.208533157540514e-11 3.724390376537398e+04 1.820000000000000e+03
21 1.214144784738812e-11 2.778517900428411e+04 1.296000000000000e+03
22 7.140956431139074e-12 2.040554614973121e+04 9.110000000000000e+02
23 3.888459695581784e-12 1.251832513867259e+04 5.340000000000000e+02
24 1.514819705714085e-12 6.220446529685479e+03 2.540000000000000e+02
25 5.031492259309840e-13 2.639827218517951e+03 1.040000000000000e+02
26 1.387292051194340e-13 1.259534770590643e+03 4.800000000000000e+01
27 4.861192069784183e-15 1.905992764470807e+02 7.000000000000000e+00
28 0.000000000000000e+00 0.000000000000000e+00 0.000000000000000e+00
