# Bin    val_sum    K_sum    Count
0 9.999999999992399e-05 0.000000000000000e+00 1.000000000000000e+00
1 8.897089442378291e-07 3.682696920902816e+01 2.600000000000000e+01
2 3.508109956180064e-06 1.583945107837454e+02 6.600000000000000e+01
3 6.761142966919624e-08 5.393392569099578e+02 1.580000000000000e+02
4 1.706321214522937e-08 1.036698091578143e+03 2.340000000000000e+02
5 1.976923860336011e-09 2.241523754790548e+03 4.100000000000000e+02
6 1.083406362844268e-09 3.027933579638610e+03 4.700000000000000e+02
7 5.326674319182466e-10 5.493100622919766e+03 7.380000000000000e+02
8 3.346113813930208e-10 7.316230086157989e+03 8.660000000000000e+02
9 3.142064032639681e-10 1.107093570509852e+04 1.170000000000000e+03
10 2.616296254798550e-10 1.421335335758279e+04 1.358000000000000e+03
11 8.294239507537590e-11 1.862387393368928e+04 1.626000000000000e+03
12 4.262218664768845e-11 2.454310234378271e+04 1.970000000000000e+03
13 2.793739892397988e-11 3.189618469941417e+04 2.366000000000000e+03
14 1.626096179922741e-11 3.674540205032114e+04 2.538000000000000e+03
15 1.131711132305422e-11 4.755821500255806e+04 3.074000000000000e+03
16 7.336106378498943e-12 4.944888919926017e+04 3.003000000000000e+03
17 5.193966988875466e-12 5.125862746218619e+04 2.936000000000000e+03
18 3.584364792291141e-12 4.673329709434909e+04 2.532000000000000e+03
19 2.451140574627927e-12 4.382744690592793e+04 2.252000000000000e+03
20 1.650671938535759e-12 3.724390376537398e+04 1.820000000000000e+03
21 1.098858220945669e-12 2.778517900428411e+04 1.296000000000000e+03
22 7.177046563686108e-13 2.040554614973121e+04 9.110000000000000e+02
23 3.617252367372929e-13 1.251832513867259e+04 5.340000000000000e+02
24 1.805167473761985e-13 6.220446529685479e+03 2.540000000000000e+02
25 6.191411455472201e-14 2.639827218517951e+03 1.040000000000000e+02
26 2.902857889734072e-14 1.259534770590643e+03 4.800000000000000e+01
27 6.728264955789502e-15 1.905992764470807e+02 7.000000000000000e+00
28 0.000000000000000e+00 0.000000000000000e+00 0.000000000000000e+00
