# Bin    val_sum    K_sum    Count
0 9.999999999992403e-05 0.000000000000000e+00 1.000000000000000e+00
1 5.474826012735595e-08 3.682696920902816e+01 2.600000000000000e+01
2 3.586929910875559e-07 1.583945107837454e+02 6.600000000000000e+01
3 6.311003289155504e-10 5.393392569099578e+02 1.580000000000000e+02
4 1.197469631205397e-10 1.036698091578143e+03 2.340000000000000e+02
5 6.856676207965369e-11 2.241523754790548e+03 4.100000000000000e+02
6 1.004244913989571e-10 3.027933579638610e+03 4.700000000000000e+02
7 3.137551251962402e-11 5.493100622919766e+03 7.380000000000000e+02
8 3.586547099552129e-11 7.316230086157989e+03 8.660000000000000e+02
9 5.185889618223489e-11 1.107093570509852e+04 1.170000000000000e+03
10 4.825278301027361e-11 1.421335335758279e+04 1.358000000000000e+03
11 1.284985860075219e-11 1.862387393368928e+04 1.626000000000000e+03
12 6.881266785272052e-12 2.454310234378271e+04 1.970000000000000e+03
13 4.390131098870455e-12 3.189618469941417e+04 2.366000000000000e+03
14 3.029707314005333e-12 3.674540205032114e+04 2.538000000000000e+03
15 2.754782294701441e-12 4.755821500255806e+04 3.074000000000000e+03
16 1.796470610009247e-12 4.944888919926017e+04 3.003000000000000e+03
17 1.093906053894339e-12 5.125862746218619e+04 2.936000000000000e+03
18 7.019320986063383e-13 4.673329709434909e+04 2.532000000000000e+03
19 4.804761180734951e-13 4.382744690592793e+04 2.252000000000000e+03
20 3.571043096483305e-13 3.724390376537398e+04 1.820000000000000e+03
21 2.233278595716433e-13 2.778517900428411e+04 1.296000000000000e+03
22 1.555122179457846e-13 2.040554614973121e+04 9.110000000000000e+02
23 9.396569820399207e-14 1.251832513867259e+04 5.340000000000000e+02
24 5.083718360480351e-14 6.220446529685479e+03 2.540000000000000e+02
25 1.821912545863706e-14 2.639827218517951e+03 1.040000000000000e+02
26 1.074566007522178e-14 1.259534770590643e+03 4.800000000000000e+01
27 1.445497379927752e-15 1.905992764470807e+02 7.000000000000000e+00
28 0.000000000000000e+00 0.000000000000000e+00 0.000000000000000e+00
