# Bin    val_sum    K_sum    Count
0 2.675481037750280e-08 0.000000000000000e+00 1.000000000000000e+00
1 1.888290955833048e-02 3.682696920902816e+01 2.600000000000000e+01
2 2.295769887973340e-02 1.583945107837454e+02 6.600000000000000e+01
3 5.021273047540739e-04 5.393392569099578e+02 1.580000000000000e+02
4 9.357408127740813e-05 1.036698091578143e+03 2.340000000000000e+02
5 2.097538496969432e-05 2.241523754790548e+03 4.100000000000000e+02
6 1.707674733789797e-05 3.027933579638610e+03 4.700000000000000e+02
7 6.597751988269886e-06 5.493100622919766e+03 7.380000000000000e+02
8 2.146593029953144e-06 7.316230086157989e+03 8.660000000000000e+02
9 1.074778133439550e-06 1.107093570509852e+04 1.170000000000000e+03
10 4.953454427183385e-07 1.421335335758279e+04 1.358000000000000e+03
11 2.319311937442179e-07 1.862387393368928e+04 1.626000000000000e+03
12 1.183703943337994e-07 2.454310234378271e+04 1.970000000000000e+03
13 7.468588608289961e-08 3.189618469941417e+04 2.366000000000000e+03
14 4.598693147294106e-08 3.674540205032114e+04 2.538000000000000e+03
15 3.942599756998846e-08 4.755821500255806e+04 3.074000000000000e+03
16 2.654973607064933e-08 4.944888919926017e+04 3.003000000000000e+03
17 1.713709475453267e-08 5.125862746218619e+04 2.936000000000000e+03
18 1.028169638741454e-08 4.673329709434909e+04 2.532000000000000e+03
19 6.411624483502331e-09 4.382744690592793e+04 2.252000000000000e+03
20 4.053066932814014e-09 3.724390376537398e+04 1.820000000000000e+03
21 2.266951143891840e-09 2.778517900428411e+04 1.296000000000000e+03
22 1.384537845442739e-09 2.040554614973121e+04 9.110000000000000e+02
23 7.291933109052038e-10 1.251832513867259e+04 5.340000000000000e+02
24 2.961847552753959e-10 6.220446529685479e+03 2.540000000000000e+02
25 8.269666070439244e-11 2.639827218517951e+03 1.040000000000000e+02
26 3.844717097807027e-11 1.259534770590643e+03 4.800000000000000e+01
27 4.337762462498013e-12 1.905992764470807e+02 7.000000000000000e+00
28 0.000000000000000e+00 0.000000000000000e+00 0.000000000000000e+00
