# Bin    val_sum    K_sum    Count
0 1.000000000000000e+00 0.000000000000000e+00 1.000000000000000e+00
1 6.351431346198317e-06 3.682696920902816e+01 2.600000000000000e+01
2 9.372560055834023e-06 1.583945107837454e+02 6.600000000000000e+01
3 7.913846436428142e-06 5.393392569099578e+02 1.580000000000000e+02
4 4.019027708721206e-07 1.036698091578143e+03 2.340000000000000e+02
5 7.665823059045567e-08 2.241523754790548e+03 4.100000000000000e+02
6 5.197855786721832e-08 3.027933579638610e+03 4.700000000000000e+02
7 3.353129499758294e-08 5.493100622919766e+03 7.380000000000000e+02
8 2.294690884849459e-08 7.316230086157989e+03 8.660000000000000e+02
9 2.710708828179389e-08 1.107093570509852e+04 1.170000000000000e+03
10 2.102445068931596e-08 1.421335335758279e+04 1.358000000000000e+03
11 1.953707821449022e-08 1.862387393368928e+04 1.626000000000000e+03
12 1.814566504117664e-08 2.454310234378271e+04 1.970000000000000e+03
13 1.872585214625090e-08 3.189618469941417e+04 2.366000000000000e+03
14 1.760390450645174e-08 3.674540205032114e+04 2.538000000000000e+03
15 1.883225406212939e-08 4.755821500255806e+04 3.074000000000000e+03
16 1.385044760978508e-08 4.944888919926017e+04 3.003000000000000e+03
17 9.266709074475992e-09 5.125862746218619e+04 2.936000000000000e+03
18 6.321999843824118e-09 4.673329709434909e+04 2.532000000000000e+03
19 5.320196055629419e-09 4.382744690592793e+04 2.252000000000000e+03
20 3.803798638286473e-09 3.724390376537398e+04 1.820000000000000e+03
21 2.796506368595502e-09 2.778517900428411e+04 1.296000000000000e+03
22 1.936530751106427e-09 2.040554614973121e+04 9.110000000000000e+02
23 1.119496565022982e-09 1.251832513867259e+04 5.340000000000000e+02
24 4.855734928536476e-10 6.220446529685479e+03 2.540000000000000e+02
25 2.308909236583791e-10 2.639827218517951e+03 1.040000000000000e+02
26 1.145288543168673e-10 1.259534770590643e+03 4.800000000000000e+01
27 2.524483079172696e-11 1.905992764470807e+02 7.000000000000000e+00
28 0.000000000000000e+00 0.000000000000000e+00 0.000000000000000e+00
