# Bin    val_sum    K_sum    Count
0 9.999999999992403e-05 0.000000000000000e+00 1.000000000000000e+00
1 8.911336849081314e-06 3.682696920902816e+01 2.600000000000000e+01
2 1.760646650154646e-05 1.583945107837454e+02 6.600000000000000e+01
3 2.567502065901869e-06 5.393392569099578e+02 1.580000000000000e+02
4 6.162037970013943e-07 1.036698091578143e+03 2.340000000000000e+02
5 1.483350609288314e-07 2.241523754790548e+03 4.100000000000000e+02
6 3.260658586321990e-08 3.027933579638610e+03 4.700000000000000e+02
7 1.247403600296410e-08 5.493100622919766e+03 7.380000000000000e+02
8 4.925971402392623e-09 7.316230086157989e+03 8.660000000000000e+02
9 3.296915477201587e-09 1.107093570509852e+04 1.170000000000000e+03
10 1.699996702610415e-09 1.421335335758279e+04 1.358000000000000e+03
11 8.136201403288424e-10 1.862387393368928e+04 1.626000000000000e+03
12 4.768032297936429e-10 2.454310234378271e+04 1.970000000000000e+03
13 2.733626083676483e-10 3.189618469941417e+04 2.366000000000000e+03
14 1.454568296659053e-10 3.674540205032114e+04 2.538000000000000e+03
15 9.659888751840194e-11 4.755821500255806e+04 3.074000000000000e+03
16 5.966606043298390e-11 4.944888919926017e+04 3.003000000000000e+03
17 4.042416611785798e-11 5.125862746218619e+04 2.936000000000000e+03
18 2.686181125725529e-11 4.673329709434909e+04 2.532000000000000e+03
19 1.832105733864585e-11 4.382744690592793e+04 2.252000000000000e+03
20 1.271392525946805e-11 3.724390376537398e+04 1.820000000000000e+03
21 7.757593166943188e-12 2.778517900428411e+04 1.296000000000000e+03
22 5.532477347327049e-12 2.040554614973121e+04 9.110000000000000e+02
23 3.445432611268347e-12 1.251832513867259e+04 5.340000000000000e+02
24 1.965227745159584e-12 6.220446529685479e+03 2.540000000000000e+02
25 8.422174613354802e-13 2.639827218517951e+03 1.040000000000000e+02
26 3.915334494890059e-13 1.259534770590643e+03 4.800000000000000e+01
27 3.845412961358421e-14 1.905992764470807e+02 7.000000000000000e+00
28 0.000000000000000e+00 0.000000000000000e+00 0.000000000000000e+00
