# Bin    val_sum    K_sum    Count
0 1.000000000000000e+00 0.000000000000000e+00 1.000000000000000e+00
1 2.287561375752320e-06 3.682696920902816e+01 2.600000000000000e+01
2 4.267104328398077e-06 1.583945107837454e+02 6.600000000000000e+01
3 4.486895959902478e-06 5.393392569099578e+02 1.580000000000000e+02
4 2.648089793968247e-07 1.036698091578143e+03 2.340000000000000e+02
5 5.407547551276958e-08 2.241523754790548e+03 4.100000000000000e+02
6 3.961471117193943e-08 3.027933579638610e+03 4.700000000000000e+02
7 2.190693531263693e-08 5.493100622919766e+03 7.380000000000000e+02
8 1.614422474088396e-08 7.316230086157989e+03 8.660000000000000e+02
9 2.087713593925753e-08 1.107093570509852e+04 1.170000000000000e+03
10 1.558097283372117e-08 1.421335335758279e+04 1.358000000000000e+03
11 1.424483378117934e-08 1.862387393368928e+04 1.626000000000000e+03
12 1.320436804652295e-08 2.454310234378271e+04 1.970000000000000e+03
13 1.401120620555084e-08 3.189618469941417e+04 2.366000000000000e+03
14 1.206846694315113e-08 3.674540205032114e+04 2.538000000000000e+03
15 1.312327584860835e-08 4.755821500255806e+04 3.074000000000000e+03
16 1.055436890370206e-08 4.944888919926017e+04 3.003000000000000e+03
17 7.235505184746926e-09 5.125862746218619e+04 2.936000000000000e+03
18 5.122671126245402e-09 4.673329709434909e+04 2.532000000000000e+03
19 3.969259476804088e-09 4.382744690592793e+04 2.252000000000000e+03
20 3.213911686392753e-09 3.724390376537398e+04 1.820000000000000e+03
21 2.185230441269253e-09 2.778517900428411e+04 1.296000000000000e+03
22 1.569561628321730e-09 2.040554614973121e+04 9.110000000000000e+02
23 7.370151896039404e-10 1.251832513867259e+04 5.340000000000000e+02
24 3.763021179398873e-10 6.220446529685479e+03 2.540000000000000e+02
25 1.881907886598657e-10 2.639827218517951e+03 1.040000000000000e+02
26 8.130879311248057e-11 1.259534770590643e+03 4.800000000000000e+01
27 4.304528948657322e-12 1.905992764470807e+02 7.000000000000000e+00
28 0.000000000000000e+00 0.000000000000000e+00 0.000000000000000e+00
