# Bin    val_sum    K_sum    Count
0 1.000000000000000e+00 0.000000000000000e+00 1.000000000000000e+00
1 1.443680616408075e-05 3.682696920902816e+01 2.600000000000000e+01
2 1.697609591249166e-05 1.583945107837454e+02 6.600000000000000e+01
3 1.212175030381151e-05 5.393392569099578e+02 1.580000000000000e+02
4 6.806131803345930e-07 1.036698091578143e+03 2.340000000000000e+02
5 1.230212692401965e-07 2.241523754790548e+03 4.100000000000000e+02
6 6.795849007919492e-08 3.027933579638610e+03 4.700000000000000e+02
7 4.768423700508498e-08 5.493100622919766e+03 7.380000000000000e+02
8 3.309031869044266e-08 7.316230086157989e+03 8.660000000000000e+02
9 3.300741359098998e-08 1.107093570509852e+04 1.170000000000000e+03
10 2.699936658837090e-08 1.421335335758279e+04 1.358000000000000e+03
11 2.633149870355272e-08 1.862387393368928e+04 1.626000000000000e+03
12 2.674097983114871e-08 2.454310234378271e+04 1.970000000000000e+03
13 2.492720085296605e-08 3.189618469941417e+04 2.366000000000000e+03
14 2.339738374230265e-08 3.674540205032114e+04 2.538000000000000e+03
15 2.583628382627983e-08 4.755821500255806e+04 3.074000000000000e+03
16 1.864015465095891e-08 4.944888919926017e+04 3.003000000000000e+03
17 1.226898019161944e-08 5.125862746218619e+04 2.936000000000000e+03
18 7.723790383378346e-09 4.673329709434909e+04 2.532000000000000e+03
19 6.181944601531721e-09 4.382744690592793e+04 2.252000000000000e+03
20 4.605032247877490e-09 3.724390376537398e+04 1.820000000000000e+03
21 3.180264953712494e-09 2.778517900428411e+04 1.296000000000000e+03
22 2.249365031878554e-09 2.040554614973121e+04 9.110000000000000e+02
23 1.168125162572819e-09 1.251832513867259e+04 5.340000000000000e+02
24 6.155459522941438e-10 6.220446529685479e+03 2.540000000000000e+02
25 2.677763548174406e-10 2.639827218517951e+03 1.040000000000000e+02
26 1.355307049833778e-10 1.259534770590643e+03 4.800000000000000e+01
27 2.031148395654359e-11 1.905992764470807e+02 7.000000000000000e+00
28 0.000000000000000e+00 0.000000000000000e+00 0.000000000000000e+00
