# Bin    val_sum    K_sum    Count
0 2.072357477382820e-09 0.000000000000000e+00 1.000000000000000e+00
1 1.162090041172977e-02 3.682696920902816e+01 2.600000000000000e+01
2 1.775151349978493e-02 1.583945107837454e+02 6.600000000000000e+01
3 1.837128762777280e-04 5.393392569099578e+02 1.580000000000000e+02
4 3.874702531106904e-05 1.036698091578143e+03 2.340000000000000e+02
5 1.010405908281387e-05 2.241523754790548e+03 4.100000000000000e+02
6 1.138246863709650e-05 3.027933579638610e+03 4.700000000000000e+02
7 3.300823033321592e-06 5.493100622919766e+03 7.380000000000000e+02
8 1.237955843336078e-06 7.316230086157989e+03 8.660000000000000e+02
9 7.031048192075323e-07 1.107093570509852e+04 1.170000000000000e+03
10 3.500592198653915e-07 1.421335335758279e+04 1.358000000000000e+03
11 1.507140143661749e-07 1.862387393368928e+04 1.626000000000000e+03
12 8.329573990743148e-08 2.454310234378271e+04 1.970000000000000e+03
13 5.309608409459537e-08 3.189618469941417e+04 2.366000000000000e+03
14 3.122239805162531e-08 3.674540205032114e+04 2.538000000000000e+03
15 2.373642950097159e-08 4.755821500255806e+04 3.074000000000000e+03
16 1.693499560596808e-08 4.944888919926017e+04 3.003000000000000e+03
17 1.081810944376134e-08 5.125862746218619e+04 2.936000000000000e+03
18 7.017789248255847e-09 4.673329709434909e+04 2.532000000000000e+03
19 4.507219153678000e-09 4.382744690592793e+04 2.252000000000000e+03
20 2.921169348379658e-09 3.724390376537398e+04 1.820000000000000e+03
21 1.690528988150367e-09 2.778517900428411e+04 1.296000000000000e+03
22 1.012763150596371e-09 2.040554614973121e+04 9.110000000000000e+02
23 5.711815539512219e-10 1.251832513867259e+04 5.340000000000000e+02
24 2.278657203083818e-10 6.220446529685479e+03 2.540000000000000e+02
25 8.170366487019872e-11 2.639827218517951e+03 1.040000000000000e+02
26 2.564850928198730e-11 1.259534770590643e+03 4.800000000000000e+01
27 2.900823380532333e-12 1.905992764470807e+02 7.000000000000000e+00
28 0.000000000000000e+00 0.000000000000000e+00 0.000000000000000e+00
