# Bin    val_sum    K_sum    Count
0 4.475342118143504e-13 0.000000000000000e+00 1.000000000000000e+00
1 5.454018970107777e-04 3.682696920902816e+01 2.600000000000000e+01
2 1.485257475881075e-03 1.583945107837454e+02 6.600000000000000e+01
3 7.862895280945312e-08 5.393392569099578e+02 1.580000000000000e+02
4 2.109281004651283e-08 1.036698091578143e+03 2.340000000000000e+02
5 6.107269642972994e-08 2.241523754790548e+03 4.100000000000000e+02
6 1.292547820180409e-07 3.027933579638610e+03 4.700000000000000e+02
7 2.827633488105608e-08 5.493100622919766e+03 7.380000000000000e+02
8 2.058029109282964e-08 7.316230086157989e+03 8.660000000000000e+02
9 2.374892954306676e-08 1.107093570509852e+04 1.170000000000000e+03
10 1.646080052296459e-08 1.421335335758279e+04 1.358000000000000e+03
11 7.291621621714239e-09 1.862387393368928e+04 1.626000000000000e+03
12 4.895259414038737e-09 2.454310234378271e+04 1.970000000000000e+03
13 2.935310255359229e-09 3.189618469941417e+04 2.366000000000000e+03
14 1.700058543547186e-09 3.674540205032114e+04 2.538000000000000e+03
15 1.142800263832876e-09 4.755821500255806e+04 3.074000000000000e+03
16 7.091849168485464e-10 4.944888919926017e+04 3.003000000000000e+03
17 5.311105128021060e-10 5.125862746218619e+04 2.936000000000000e+03
18 3.456536136111116e-10 4.673329709434909e+04 2.532000000000000e+03
19 2.416590128479756e-10 4.382744690592793e+04 2.252000000000000e+03
20 1.553440785336673e-10 3.724390376537398e+04 1.820000000000000e+03
21 9.333729599199618e-11 2.778517900428411e+04 1.296000000000000e+03
22 6.427970178421078e-11 2.040554614973121e+04 9.110000000000000e+02
23 3.643123746675023e-11 1.251832513867259e+04 5.340000000000000e+02
24 1.340380408652826e-11 6.220446529685479e+03 2.540000000000000e+02
25 4.465766497248721e-12 2.639827218517951e+03 1.040000000000000e+02
26 1.764746520921591e-12 1.259534770590643e+03 4.800000000000000e+01
27 9.064839315779572e-14 1.905992764470807e+02 7.000000000000000e+00
28 0.000000000000000e+00 0.000000000000000e+00 0.000000000000000e+00
