# Bin    val_sum    K_sum    Count
0 1.000000000000000e+00 0.000000000000000e+00 1.000000000000000e+00
1 3.396443300544390e-04 3.682696920902816e+01 2.600000000000000e+01
2 1.349902709727174e-04 1.583945107837454e+02 6.600000000000000e+01
3 1.066006288077554e-04 5.393392569099578e+02 1.580000000000000e+02
4 1.019567096336998e-05 1.036698091578143e+03 2.340000000000000e+02
5 2.088117704295258e-06 2.241523754790548e+03 4.100000000000000e+02
6 3.971480847513945e-07 3.027933579638610e+03 4.700000000000000e+02
7 1.718366970533041e-07 5.493100622919766e+03 7.380000000000000e+02
8 1.444604139907830e-07 7.316230086157989e+03 8.660000000000000e+02
9 1.395539139382679e-07 1.107093570509852e+04 1.170000000000000e+03
10 1.035238171490732e-07 1.421335335758279e+04 1.358000000000000e+03
11 1.045345537597423e-07 1.862387393368928e+04 1.626000000000000e+03
12 1.037136920122330e-07 2.454310234378271e+04 1.970000000000000e+03
13 1.215973547511259e-07 3.189618469941417e+04 2.366000000000000e+03
14 1.015895342620249e-07 3.674540205032114e+04 2.538000000000000e+03
15 1.072002085474239e-07 4.755821500255806e+04 3.074000000000000e+03
16 8.375567137387276e-08 4.944888919926017e+04 3.003000000000000e+03
17 4.596891533008278e-08 5.125862746218619e+04 2.936000000000000e+03
18 2.789682035687599e-08 4.673329709434909e+04 2.532000000000000e+03
19 2.129882754200601e-08 4.382744690592793e+04 2.252000000000000e+03
20 1.430534623512407e-08 3.724390376537398e+04 1.820000000000000e+03
21 9.044180104595752e-09 2.778517900428411e+04 1.296000000000000e+03
22 6.047537100429965e-09 2.040554614973121e+04 9.110000000000000e+02
23 3.410421753587478e-09 1.251832513867259e+04 5.340000000000000e+02
24 1.558570408949954e-09 6.220446529685479e+03 2.540000000000000e+02
25 6.190523123586843e-10 2.639827218517951e+03 1.040000000000000e+02
26 2.625681542947400e-10 1.259534770590643e+03 4.800000000000000e+01
27 5.599040573949306e-11 1.905992764470807e+02 7.000000000000000e+00
28 0.000000000000000e+00 0.000000000000000e+00 0.000000000000000e+00
