# Bin    val_sum    K_sum    Count
0 2.855801599591256e-07 0.000000000000000e+00 1.000000000000000e+00
1 3.915574798816309e-02 3.682696920902816e+01 2.600000000000000e+01
2 3.299153510616856e-02 1.583945107837454e+02 6.600000000000000e+01
3 2.283447877904132e-03 5.393392569099578e+02 1.580000000000000e+02
4 3.505992201234486e-04 1.036698091578143e+03 2.340000000000000e+02
5 8.600695801592300e-05 2.241523754790548e+03 4.100000000000000e+02
6 3.183327040884864e-05 3.027933579638610e+03 4.700000000000000e+02
7 1.638402966759324e-05 5.493100622919766e+03 7.380000000000000e+02
8 7.121856512379705e-06 7.316230086157989e+03 8.660000000000000e+02
9 2.764888276915553e-06 1.107093570509852e+04 1.170000000000000e+03
10 1.139595353312810e-06 1.421335335758279e+04 1.358000000000000e+03
11 5.451516655136530e-07 1.862387393368928e+04 1.626000000000000e+03
12 2.922977552690380e-07 2.454310234378271e+04 1.970000000000000e+03
13 1.762042599351160e-07 3.189618469941417e+04 2.366000000000000e+03
14 1.162382852928930e-07 3.674540205032114e+04 2.538000000000000e+03
15 9.899424914799265e-08 4.755821500255806e+04 3.074000000000000e+03
16 6.523735359465829e-08 4.944888919926017e+04 3.003000000000000e+03
17 3.751664182363291e-08 5.125862746218619e+04 2.936000000000000e+03
18 2.226302974857893e-08 4.673329709434909e+04 2.532000000000000e+03
19 1.428098631106986e-08 4.382744690592793e+04 2.252000000000000e+03
20 8.544150472911488e-09 3.724390376537398e+04 1.820000000000000e+03
21 4.951484115332341e-09 2.778517900428411e+04 1.296000000000000e+03
22 2.777782089053954e-09 2.040554614973121e+04 9.110000000000000e+02
23 1.389224184827860e-09 1.251832513867259e+04 5.340000000000000e+02
24 5.338067908670538e-10 6.220446529685479e+03 2.540000000000000e+02
25 2.081676761697667e-10 2.639827218517951e+03 1.040000000000000e+02
26 7.003137086207743e-11 1.259534770590643e+03 4.800000000000000e+01
27 1.032807851248768e-11 1.905992764470807e+02 7.000000000000000e+00
28 0.000000000000000e+00 0.000000000000000e+00 0.000000000000000e+00
