# Bin    val_sum    K_sum    Count
0 9.999999999992403e-05 0.000000000000000e+00 1.000000000000000e+00
1 2.445581369801699e-10 3.682696920902816e+01 2.600000000000000e+01
2 1.917474249823188e-09 1.583945107837454e+02 6.600000000000000e+01
3 2.292723080997438e-14 5.393392569099578e+02 1.580000000000000e+02
4 1.144624148793604e-14 1.036698091578143e+03 2.340000000000000e+02
5 9.257076957700082e-14 2.241523754790548e+03 4.100000000000000e+02
6 3.751539553574000e-13 3.027933579638610e+03 4.700000000000000e+02
7 1.181074864484148e-13 5.493100622919766e+03 7.380000000000000e+02
8 9.561493981221187e-14 7.316230086157989e+03 8.660000000000000e+02
9 3.161737186460894e-13 1.107093570509852e+04 1.170000000000000e+03
10 5.591290572354305e-13 1.421335335758279e+04 1.358000000000000e+03
11 2.000128307563698e-13 1.862387393368928e+04 1.626000000000000e+03
12 1.279578861058521e-13 2.454310234378271e+04 1.970000000000000e+03
13 1.710097173329700e-13 3.189618469941417e+04 2.366000000000000e+03
14 1.485957907291428e-13 3.674540205032114e+04 2.538000000000000e+03
15 1.254807447643439e-13 4.755821500255806e+04 3.074000000000000e+03
16 1.002743133857068e-13 4.944888919926017e+04 3.003000000000000e+03
17 6.254061048761979e-14 5.125862746218619e+04 2.936000000000000e+03
18 2.920188035264351e-14 4.673329709434909e+04 2.532000000000000e+03
19 1.763066847247018e-14 4.382744690592793e+04 2.252000000000000e+03
20 1.119275022169186e-14 3.724390376537398e+04 1.820000000000000e+03
21 7.473598878261320e-15 2.778517900428411e+04 1.296000000000000e+03
22 4.499088312406046e-15 2.040554614973121e+04 9.110000000000000e+02
23 2.554623506329363e-15 1.251832513867259e+04 5.340000000000000e+02
24 1.144557522140552e-15 6.220446529685479e+03 2.540000000000000e+02
25 4.827044940308079e-16 2.639827218517951e+03 1.040000000000000e+02
26 1.954892527389319e-16 1.259534770590643e+03 4.800000000000000e+01
27 2.053808961760313e-17 1.905992764470807e+02 7.000000000000000e+00
28 0.000000000000000e+00 0.000000000000000e+00 0.000000000000000e+00
