# Bin    val_sum    K_sum    Count
0 1.000000000000000e+00 0.000000000000000e+00 1.000000000000000e+00
1 1.905766270269340e-07 3.682696920902816e+01 2.600000000000000e+01
2 5.162076563956600e-07 1.583945107837454e+02 6.600000000000000e+01
3 7.520007054902625e-07 5.393392569099578e+02 1.580000000000000e+02
4 7.561166007859871e-08 1.036698091578143e+03 2.340000000000000e+02
5 3.115964640541346e-08 2.241523754790548e+03 4.100000000000000e+02
6 1.953936481925223e-08 3.027933579638610e+03 4.700000000000000e+02
7 1.119342009415152e-08 5.493100622919766e+03 7.380000000000000e+02
8 1.104955091684362e-08 7.316230086157989e+03 8.660000000000000e+02
9 1.192185396039853e-08 1.107093570509852e+04 1.170000000000000e+03
10 8.060701124212889e-09 1.421335335758279e+04 1.358000000000000e+03
11 8.122727645890604e-09 1.862387393368928e+04 1.626000000000000e+03
12 7.651064734987076e-09 2.454310234378271e+04 1.970000000000000e+03
13 7.551996076455547e-09 3.189618469941417e+04 2.366000000000000e+03
14 7.070869541769932e-09 3.674540205032114e+04 2.538000000000000e+03
15 7.712799961123941e-09 4.755821500255806e+04 3.074000000000000e+03
16 5.047806826380770e-09 4.944888919926017e+04 3.003000000000000e+03
17 3.934309083798672e-09 5.125862746218619e+04 2.936000000000000e+03
18 2.740795216445481e-09 4.673329709434909e+04 2.532000000000000e+03
19 2.156718761652432e-09 4.382744690592793e+04 2.252000000000000e+03
20 1.675148839393037e-09 3.724390376537398e+04 1.820000000000000e+03
21 1.201043315912293e-09 2.778517900428411e+04 1.296000000000000e+03
22 8.235140728582135e-10 2.040554614973121e+04 9.110000000000000e+02
23 5.158879323439933e-10 1.251832513867259e+04 5.340000000000000e+02
24 3.247354244278778e-10 6.220446529685479e+03 2.540000000000000e+02
25 9.025646762207029e-11 2.639827218517951e+03 1.040000000000000e+02
26 7.022626094229890e-11 1.259534770590643e+03 4.800000000000000e+01
27 4.835487971225000e-12 1.905992764470807e+02 7.000000000000000e+00
28 0.000000000000000e+00 0.000000000000000e+00 0.000000000000000e+00
