# Bin    val_sum    K_sum    Count
0 5.183079015053155e-10 0.000000000000000e+00 1.000000000000000e+00
1 6.603819934952230e-03 3.682696920902816e+01 2.600000000000000e+01
2 1.190534178677273e-02 1.583945107837454e+02 6.600000000000000e+01
3 4.755255769368525e-05 5.393392569099578e+02 1.580000000000000e+02
4 1.103586962089928e-05 1.036698091578143e+03 2.340000000000000e+02
5 4.221256183284058e-06 2.241523754790548e+03 4.100000000000000e+02
6 5.959511213299270e-06 3.027933579638610e+03 4.700000000000000e+02
7 1.378820726773070e-06 5.493100622919766e+03 7.380000000000000e+02
8 6.337994115691493e-07 7.316230086157989e+03 8.660000000000000e+02
9 4.279673505688421e-07 1.107093570509852e+04 1.170000000000000e+03
10 2.228761021894318e-07 1.421335335758279e+04 1.358000000000000e+03
11 9.175072714163910e-08 1.862387393368928e+04 1.626000000000000e+03
12 5.194174171671088e-08 2.454310234378271e+04 1.970000000000000e+03
13 3.341089143023824e-08 3.189618469941417e+04 2.366000000000000e+03
14 1.879161025222686e-08 3.674540205032114e+04 2.538000000000000e+03
15 1.369975308942338e-08 4.755821500255806e+04 3.074000000000000e+03
16 9.270882086401238e-09 4.944888919926017e+04 3.003000000000000e+03
17 6.493146632402837e-09 5.125862746218619e+04 2.936000000000000e+03
18 4.276869867578342e-09 4.673329709434909e+04 2.532000000000000e+03
19 2.971332445969521e-09 4.382744690592793e+04 2.252000000000000e+03
20 1.799657201868982e-09 3.724390376537398e+04 1.820000000000000e+03
21 1.050476771375516e-09 2.778517900428411e+04 1.296000000000000e+03
22 6.416003720155461e-10 2.040554614973121e+04 9.110000000000000e+02
23 3.745671452938004e-10 1.251832513867259e+04 5.340000000000000e+02
24 1.515539328451954e-10 6.220446529685479e+03 2.540000000000000e+02
25 5.635906035424048e-11 2.639827218517951e+03 1.040000000000000e+02
26 1.909578740308232e-11 1.259534770590643e+03 4.800000000000000e+01
27 9.246604343498324e-13 1.905992764470807e+02 7.000000000000000e+00
28 0.000000000000000e+00 0.000000000000000e+00 0.000000000000000e+00
