# Bin    val_sum    K_sum    Count
0 1.000000000000000e+00 0.000000000000000e+00 1.000000000000000e+00
1 1.251610352013908e-09 3.682696920902816e+01 2.600000000000000e+01
2 1.043538089693299e-08 1.583945107837454e+02 6.600000000000000e+01
3 1.033505011805405e-08 5.393392569099578e+02 1.580000000000000e+02
4 2.579978342106124e-09 1.036698091578143e+03 2.340000000000000e+02
5 5.732380193223931e-09 2.241523754790548e+03 4.100000000000000e+02
6 5.171352550073681e-09 3.027933579638610e+03 4.700000000000000e+02
7 3.158590343972978e-09 5.493100622919766e+03 7.380000000000000e+02
8 3.187648920238845e-09 7.316230086157989e+03 8.660000000000000e+02
9 2.949676309574705e-09 1.107093570509852e+04 1.170000000000000e+03
10 2.390479037670895e-09 1.421335335758279e+04 1.358000000000000e+03
11 2.007559583914071e-09 1.862387393368928e+04 1.626000000000000e+03
12 1.974724652748959e-09 2.454310234378271e+04 1.970000000000000e+03
13 1.890088458378780e-09 3.189618469941417e+04 2.366000000000000e+03
14 1.693549414288494e-09 3.674540205032114e+04 2.538000000000000e+03
15 1.810023811453434e-09 4.755821500255806e+04 3.074000000000000e+03
16 1.329418875324520e-09 4.944888919926017e+04 3.003000000000000e+03
17 8.741860099061798e-10 5.125862746218619e+04 2.936000000000000e+03
18 5.871565397299831e-10 4.673329709434909e+04 2.532000000000000e+03
19 5.217291528767514e-10 4.382744690592793e+04 2.252000000000000e+03
20 4.320075603678229e-10 3.724390376537398e+04 1.820000000000000e+03
21 3.135248749612526e-10 2.778517900428411e+04 1.296000000000000e+03
22 2.240710880693685e-10 2.040554614973121e+04 9.110000000000000e+02
23 1.323939623672294e-10 1.251832513867259e+04 5.340000000000000e+02
24 6.639782192334309e-11 6.220446529685479e+03 2.540000000000000e+02
25 2.963421830953850e-11 2.639827218517951e+03 1.040000000000000e+02
26 1.466226443292836e-11 1.259534770590643e+03 4.800000000000000e+01
27 2.710004870651103e-12 1.905992764470807e+02 7.000000000000000e+00
28 0.000000000000000e+00 0.000000000000000e+00 0.000000000000000e+00
