# Bin    val_sum    K_sum    Count
0 8.742071604816018e-10 0.000000000000000e+00 1.000000000000000e+00
1 8.815665548586831e-03 3.682696920902816e+01 2.600000000000000e+01
2 1.493729682651913e-02 1.583945107837454e+02 6.600000000000000e+01
3 9.876014576126888e-05 5.393392569099578e+02 1.580000000000000e+02
4 2.190283724884151e-05 1.036698091578143e+03 2.340000000000000e+02
5 6.726968875577625e-06 2.241523754790548e+03 4.100000000000000e+02
6 8.578311438885006e-06 3.027933579638610e+03 4.700000000000000e+02
7 2.208250582329223e-06 5.493100622919766e+03 7.380000000000000e+02
8 9.066651343265873e-07 7.316230086157989e+03 8.660000000000000e+02
9 5.527834251760471e-07 1.107093570509852e+04 1.170000000000000e+03
10 2.834363123393854e-07 1.421335335758279e+04 1.358000000000000e+03
11 1.196299333913156e-07 1.862387393368928e+04 1.626000000000000e+03
12 6.671961097171594e-08 2.454310234378271e+04 1.970000000000000e+03
13 4.155367071393323e-08 3.189618469941417e+04 2.366000000000000e+03
14 2.549805255231502e-08 3.674540205032114e+04 2.538000000000000e+03
15 1.864702496514779e-08 4.755821500255806e+04 3.074000000000000e+03
16 1.273131074850205e-08 4.944888919926017e+04 3.003000000000000e+03
17 8.600286352672303e-09 5.125862746218619e+04 2.936000000000000e+03
18 5.660098931844839e-09 4.673329709434909e+04 2.532000000000000e+03
19 3.745178237905817e-09 4.382744690592793e+04 2.252000000000000e+03
20 2.281229707083052e-09 3.724390376537398e+04 1.820000000000000e+03
21 1.323654681397022e-09 2.778517900428411e+04 1.296000000000000e+03
22 8.217079692612650e-10 2.040554614973121e+04 9.110000000000000e+02
23 4.754242549424074e-10 1.251832513867259e+04 5.340000000000000e+02
24 1.805819453872010e-10 6.220446529685479e+03 2.540000000000000e+02
25 6.469152479165862e-11 2.639827218517951e+03 1.040000000000000e+02
26 2.691644808316050e-11 1.259534770590643e+03 4.800000000000000e+01
27 3.514535528469445e-12 1.905992764470807e+02 7.000000000000000e+00
28 0.000000000000000e+00 0.000000000000000e+00 0.000000000000000e+00
