# Bin    val_sum    K_sum    Count
0 9.999999999999998e-01 0.000000000000000e+00 1.000000000000000e+00
1 7.713874817329535e-07 3.682696920902816e+01 2.600000000000000e+01
2 1.728214489302978e-06 1.583945107837454e+02 6.600000000000000e+01
3 2.195224687404439e-06 5.393392569099578e+02 1.580000000000000e+02
4 1.674131520722172e-07 1.036698091578143e+03 2.340000000000000e+02
5 4.159244431246098e-08 2.241523754790548e+03 4.100000000000000e+02
6 2.998236097385288e-08 3.027933579638610e+03 4.700000000000000e+02
7 1.522055305499214e-08 5.493100622919766e+03 7.380000000000000e+02
8 1.240102336862241e-08 7.316230086157989e+03 8.660000000000000e+02
9 1.611770045924347e-08 1.107093570509852e+04 1.170000000000000e+03
10 1.139174683073530e-08 1.421335335758279e+04 1.358000000000000e+03
11 1.086059868751540e-08 1.862387393368928e+04 1.626000000000000e+03
12 1.010768446098742e-08 2.454310234378271e+04 1.970000000000000e+03
13 1.055079778665682e-08 3.189618469941417e+04 2.366000000000000e+03
14 9.349667442885315e-09 3.674540205032114e+04 2.538000000000000e+03
15 9.479322773032898e-09 4.755821500255806e+04 3.074000000000000e+03
16 7.570854931518401e-09 4.944888919926017e+04 3.003000000000000e+03
17 5.624679521160758e-09 5.125862746218619e+04 2.936000000000000e+03
18 4.001543615716681e-09 4.673329709434909e+04 2.532000000000000e+03
19 3.052143660950380e-09 4.382744690592793e+04 2.252000000000000e+03
20 2.432203329533480e-09 3.724390376537398e+04 1.820000000000000e+03
21 1.557433743818952e-09 2.778517900428411e+04 1.296000000000000e+03
22 1.194677983432220e-09 2.040554614973121e+04 9.110000000000000e+02
23 6.300709907539256e-10 1.251832513867259e+04 5.340000000000000e+02
24 4.061941831437966e-10 6.220446529685479e+03 2.540000000000000e+02
25 1.366134062630987e-10 2.639827218517951e+03 1.040000000000000e+02
26 5.908059919718761e-11 1.259534770590643e+03 4.800000000000000e+01
27 6.039214781109962e-12 1.905992764470807e+02 7.000000000000000e+00
28 0.000000000000000e+00 0.000000000000000e+00 0.000000000000000e+00
