# Bin    val_sum    K_sum    Count
0 1.000000000000000e+00 0.000000000000000e+00 1.000000000000000e+00
1 1.316932744740745e-04 3.682696920902816e+01 2.600000000000000e+01
2 6.804711651535866e-05 1.583945107837454e+02 6.600000000000000e+01
3 5.216719137897519e-05 5.393392569099578e+02 1.580000000000000e+02
4 3.159055846312715e-06 1.036698091578143e+03 2.340000000000000e+02
5 6.275520466062742e-07 2.241523754790548e+03 4.100000000000000e+02
6 1.617241320983736e-07 3.027933579638610e+03 4.700000000000000e+02
7 1.197834834097851e-07 5.493100622919766e+03 7.380000000000000e+02
8 8.278109753882701e-08 7.316230086157989e+03 8.660000000000000e+02
9 8.104810231927252e-08 1.107093570509852e+04 1.170000000000000e+03
10 7.255389515416826e-08 1.421335335758279e+04 1.358000000000000e+03
11 5.799102533406874e-08 1.862387393368928e+04 1.626000000000000e+03
12 7.410554905533011e-08 2.454310234378271e+04 1.970000000000000e+03
13 6.815313519222025e-08 3.189618469941417e+04 2.366000000000000e+03
14 6.187817693186961e-08 3.674540205032114e+04 2.538000000000000e+03
15 6.660666736805956e-08 4.755821500255806e+04 3.074000000000000e+03
16 5.202686945742100e-08 4.944888919926017e+04 3.003000000000000e+03
17 2.564065195863918e-08 5.125862746218619e+04 2.936000000000000e+03
18 1.639392067290004e-08 4.673329709434909e+04 2.532000000000000e+03
19 1.232536430722204e-08 4.382744690592793e+04 2.252000000000000e+03
20 8.931159387929423e-09 3.724390376537398e+04 1.820000000000000e+03
21 5.399524009699989e-09 2.778517900428411e+04 1.296000000000000e+03
22 3.645761980554762e-09 2.040554614973121e+04 9.110000000000000e+02
23 1.816590915087711e-09 1.251832513867259e+04 5.340000000000000e+02
24 8.351350392333728e-10 6.220446529685479e+03 2.540000000000000e+02
25 3.601209943080366e-10 2.639827218517951e+03 1.040000000000000e+02
26 2.236614363041030e-10 1.259534770590643e+03 4.800000000000000e+01
27 1.577454164260710e-11 1.905992764470807e+02 7.000000000000000e+00
28 0.000000000000000e+00 0.000000000000000e+00 0.000000000000000e+00
