# Bin    val_sum    K_sum    Count
0 9.999999999992403e-05 0.000000000000000e+00 1.000000000000000e+00
1 3.245206835034947e-06 3.682696920902816e+01 2.600000000000000e+01
2 9.040097401107750e-06 1.583945107837454e+02 6.600000000000000e+01
3 5.569548183547542e-07 5.393392569099578e+02 1.580000000000000e+02
4 1.399046129551141e-07 1.036698091578143e+03 2.340000000000000e+02
5 1.894087940834063e-08 2.241523754790548e+03 4.100000000000000e+02
6 5.509614661212052e-09 3.027933579638610e+03 4.700000000000000e+02
7 2.493152820934331e-09 5.493100622919766e+03 7.380000000000000e+02
8 1.241534209424181e-09 7.316230086157989e+03 8.660000000000000e+02
9 8.389798160533064e-10 1.107093570509852e+04 1.170000000000000e+03
10 5.384880087015256e-10 1.421335335758279e+04 1.358000000000000e+03
11 2.341873270456981e-10 1.862387393368928e+04 1.626000000000000e+03
12 1.421432879141652e-10 2.454310234378271e+04 1.970000000000000e+03
13 7.948601586994572e-11 3.189618469941417e+04 2.366000000000000e+03
14 4.491180301365215e-11 3.674540205032114e+04 2.538000000000000e+03
15 3.070304721269618e-11 4.755821500255806e+04 3.074000000000000e+03
16 2.194010230770660e-11 4.944888919926017e+04 3.003000000000000e+03
17 1.452515985054439e-11 5.125862746218619e+04 2.936000000000000e+03
18 9.726668562405675e-12 4.673329709434909e+04 2.532000000000000e+03
19 6.672791666748242e-12 4.382744690592793e+04 2.252000000000000e+03
20 4.553078676212500e-12 3.724390376537398e+04 1.820000000000000e+03
21 2.830358144737561e-12 2.778517900428411e+04 1.296000000000000e+03
22 1.854772951356240e-12 2.040554614973121e+04 9.110000000000000e+02
23 1.073254430128523e-12 1.251832513867259e+04 5.340000000000000e+02
24 5.111482055378974e-13 6.220446529685479e+03 2.540000000000000e+02
25 2.286593958308159e-13 2.639827218517951e+03 1.040000000000000e+02
26 7.598187382525470e-14 1.259534770590643e+03 4.800000000000000e+01
27 1.770434000228706e-14 1.905992764470807e+02 7.000000000000000e+00
28 0.000000000000000e+00 0.000000000000000e+00 0.000000000000000e+00
