# Bin    val_sum    K_sum    Count
0 7.061274644167030e-08 0.000000000000000e+00 1.000000000000000e+00
1 2.336162793755843e-02 3.682696920902816e+01 2.600000000000000e+01
2 2.583922098820618e-02 1.583945107837454e+02 6.600000000000000e+01
3 8.020483494947150e-04 5.393392569099578e+02 1.580000000000000e+02
4 1.391970179946194e-04 1.036698091578143e+03 2.340000000000000e+02
5 3.110412074789256e-05 2.241523754790548e+03 4.100000000000000e+02
6 2.027164065217443e-05 3.027933579638610e+03 4.700000000000000e+02
7 9.083926337858148e-06 5.493100622919766e+03 7.380000000000000e+02
8 2.997624850927301e-06 7.316230086157989e+03 8.660000000000000e+02
9 1.355206998919870e-06 1.107093570509852e+04 1.170000000000000e+03
10 6.005038945206588e-07 1.421335335758279e+04 1.358000000000000e+03
11 2.946888021388554e-07 1.862387393368928e+04 1.626000000000000e+03
12 1.489562357850068e-07 2.454310234378271e+04 1.970000000000000e+03
13 9.225030202390956e-08 3.189618469941417e+04 2.366000000000000e+03
14 6.012788169888907e-08 3.674540205032114e+04 2.538000000000000e+03
15 5.097195057762442e-08 4.755821500255806e+04 3.074000000000000e+03
16 3.481878964353185e-08 4.944888919926017e+04 3.003000000000000e+03
17 2.183697483310927e-08 5.125862746218619e+04 2.936000000000000e+03
18 1.261170067819820e-08 4.673329709434909e+04 2.532000000000000e+03
19 7.962056001946948e-09 4.382744690592793e+04 2.252000000000000e+03
20 4.933011808074035e-09 3.724390376537398e+04 1.820000000000000e+03
21 2.891406351064986e-09 2.778517900428411e+04 1.296000000000000e+03
22 1.848314049574038e-09 2.040554614973121e+04 9.110000000000000e+02
23 9.355323032986574e-10 1.251832513867259e+04 5.340000000000000e+02
24 3.817783505906850e-10 6.220446529685479e+03 2.540000000000000e+02
25 1.226904793394192e-10 2.639827218517951e+03 1.040000000000000e+02
26 5.111466207316338e-11 1.259534770590643e+03 4.800000000000000e+01
27 6.069916004311579e-12 1.905992764470807e+02 7.000000000000000e+00
28 0.000000000000000e+00 0.000000000000000e+00 0.000000000000000e+00
