# Bin    val_sum    K_sum    Count
0 1.000000000000000e+00 0.000000000000000e+00 1.000000000000000e+00
1 8.174597405576963e-05 3.682696920902816e+01 2.600000000000000e+01
2 5.158234588695605e-05 1.583945107837454e+02 6.600000000000000e+01
3 3.682733003670884e-05 5.393392569099578e+02 1.580000000000000e+02
4 2.224718023398430e-06 1.036698091578143e+03 2.340000000000000e+02
5 3.913576291523990e-07 2.241523754790548e+03 4.100000000000000e+02
6 1.278557472294626e-07 3.027933579638610e+03 4.700000000000000e+02
7 9.432256855865810e-08 5.493100622919766e+03 7.380000000000000e+02
8 6.630438923939023e-08 7.316230086157989e+03 8.660000000000000e+02
9 6.426490780776788e-08 1.107093570509852e+04 1.170000000000000e+03
10 5.978447181043761e-08 1.421335335758279e+04 1.358000000000000e+03
11 4.472954642864835e-08 1.862387393368928e+04 1.626000000000000e+03
12 5.309177156812869e-08 2.454310234378271e+04 1.970000000000000e+03
13 5.223822957783950e-08 3.189618469941417e+04 2.366000000000000e+03
14 4.845070563808026e-08 3.674540205032114e+04 2.538000000000000e+03
15 4.792591096239940e-08 4.755821500255806e+04 3.074000000000000e+03
16 4.221820369970603e-08 4.944888919926017e+04 3.003000000000000e+03
17 2.093199042927298e-08 5.125862746218619e+04 2.936000000000000e+03
18 1.429912551371888e-08 4.673329709434909e+04 2.532000000000000e+03
19 1.083038698781062e-08 4.382744690592793e+04 2.252000000000000e+03
20 7.129314314183731e-09 3.724390376537398e+04 1.820000000000000e+03
21 5.297598157243691e-09 2.778517900428411e+04 1.296000000000000e+03
22 3.218832631531449e-09 2.040554614973121e+04 9.110000000000000e+02
23 1.617691954712082e-09 1.251832513867259e+04 5.340000000000000e+02
24 6.740195597923725e-10 6.220446529685479e+03 2.540000000000000e+02
25 3.644961081400527e-10 2.639827218517951e+03 1.040000000000000e+02
26 1.719487524140174e-10 1.259534770590643e+03 4.800000000000000e+01
27 2.102991167465443e-11 1.905992764470807e+02 7.000000000000000e+00
28 0.000000000000000e+00 0.000000000000000e+00 0.000000000000000e+00
