# Bin    val_sum    K_sum    Count
0 9.999999999992399e-05 0.000000000000000e+00 1.000000000000000e+00
1 2.213307308229678e-06 3.682696920902816e+01 2.600000000000000e+01
2 6.947719670393021e-06 1.583945107837454e+02 6.600000000000000e+01
3 3.034247438290744e-07 5.393392569099578e+02 1.580000000000000e+02
4 7.734472252697107e-08 1.036698091578143e+03 2.340000000000000e+02
5 9.072608244324106e-09 2.241523754790548e+03 4.100000000000000e+02
6 3.124490650925958e-09 3.027933579638610e+03 4.700000000000000e+02
7 1.514643529329491e-09 5.493100622919766e+03 7.380000000000000e+02
8 7.986050724159606e-10 7.316230086157989e+03 8.660000000000000e+02
9 5.843498350502261e-10 1.107093570509852e+04 1.170000000000000e+03
10 4.167688499161691e-10 1.421335335758279e+04 1.358000000000000e+03
11 1.665669972834872e-10 1.862387393368928e+04 1.626000000000000e+03
12 9.935238492606970e-11 2.454310234378271e+04 1.970000000000000e+03
13 5.711696613476952e-11 3.189618469941417e+04 2.366000000000000e+03
14 3.201651033122757e-11 3.674540205032114e+04 2.538000000000000e+03
15 2.160448563485194e-11 4.755821500255806e+04 3.074000000000000e+03
16 1.555083224408712e-11 4.944888919926017e+04 3.003000000000000e+03
17 1.017674257875650e-11 5.125862746218619e+04 2.936000000000000e+03
18 6.925262706411483e-12 4.673329709434909e+04 2.532000000000000e+03
19 4.919993724948466e-12 4.382744690592793e+04 2.252000000000000e+03
20 3.350065841701267e-12 3.724390376537398e+04 1.820000000000000e+03
21 2.046692162709708e-12 2.778517900428411e+04 1.296000000000000e+03
22 1.286234998972441e-12 2.040554614973121e+04 9.110000000000000e+02
23 7.324908917667609e-13 1.251832513867259e+04 5.340000000000000e+02
24 3.370912877009468e-13 6.220446529685479e+03 2.540000000000000e+02
25 1.632846059583108e-13 2.639827218517951e+03 1.040000000000000e+02
26 5.977372106374318e-14 1.259534770590643e+03 4.800000000000000e+01
27 9.512151572492010e-15 1.905992764470807e+02 7.000000000000000e+00
28 0.000000000000000e+00 0.000000000000000e+00 0.000000000000000e+00
