# Bin    val_sum    K_sum    Count
0 1.094888324391444e-10 0.000000000000000e+00 1.000000000000000e+00
1 3.100713730054033e-03 3.682696920902816e+01 2.600000000000000e+01
2 6.648697040855018e-03 1.583945107837454e+02 6.600000000000000e+01
3 8.068306865744117e-06 5.393392569099578e+02 1.580000000000000e+02
4 2.019563845549344e-06 1.036698091578143e+03 2.340000000000000e+02
5 1.365939417873553e-06 2.241523754790548e+03 4.100000000000000e+02
6 2.171899634357217e-06 3.027933579638610e+03 4.700000000000000e+02
7 4.470312344237094e-07 5.493100622919766e+03 7.380000000000000e+02
8 2.596434720036501e-07 7.316230086157989e+03 8.660000000000000e+02
9 2.141793775932190e-07 1.107093570509852e+04 1.170000000000000e+03
10 1.155404137836898e-07 1.421335335758279e+04 1.358000000000000e+03
11 5.015951253169936e-08 1.862387393368928e+04 1.626000000000000e+03
12 2.914289641674408e-08 2.454310234378271e+04 1.970000000000000e+03
13 1.919129279466113e-08 3.189618469941417e+04 2.366000000000000e+03
14 1.015607254096063e-08 3.674540205032114e+04 2.538000000000000e+03
15 7.498698750713983e-09 4.755821500255806e+04 3.074000000000000e+03
16 4.856360131797320e-09 4.944888919926017e+04 3.003000000000000e+03
17 3.563938807430007e-09 5.125862746218619e+04 2.936000000000000e+03
18 2.278673720275697e-09 4.673329709434909e+04 2.532000000000000e+03
19 1.536371092488169e-09 4.382744690592793e+04 2.252000000000000e+03
20 1.014066064285669e-09 3.724390376537398e+04 1.820000000000000e+03
21 5.676819628638585e-10 2.778517900428411e+04 1.296000000000000e+03
22 3.729864032802148e-10 2.040554614973121e+04 9.110000000000000e+02
23 2.113842851611345e-10 1.251832513867259e+04 5.340000000000000e+02
24 8.550376632724111e-11 6.220446529685479e+03 2.540000000000000e+02
25 2.732382660083037e-11 2.639827218517951e+03 1.040000000000000e+02
26 1.070039573796627e-11 1.259534770590643e+03 4.800000000000000e+01
27 1.024077616042427e-12 1.905992764470807e+02 7.000000000000000e+00
28 0.000000000000000e+00 0.000000000000000e+00 0.000000000000000e+00
