# Bin    val_sum    K_sum    Count
0 9.999999999992403e-05 0.000000000000000e+00 1.000000000000000e+00
1 1.186301833029455e-05 3.682696920902816e+01 2.600000000000000e+01
2 2.120299898052488e-05 1.583945107837454e+02 6.600000000000000e+01
3 3.867733634696918e-06 5.393392569099578e+02 1.580000000000000e+02
4 9.270254082230395e-07 1.036698091578143e+03 2.340000000000000e+02
5 2.646224269166033e-07 2.241523754790548e+03 4.100000000000000e+02
6 5.642003504190111e-08 3.027933579638610e+03 4.700000000000000e+02
7 2.093261678541264e-08 5.493100622919766e+03 7.380000000000000e+02
8 7.754336425402880e-09 7.316230086157989e+03 8.660000000000000e+02
9 4.942661150943692e-09 1.107093570509852e+04 1.170000000000000e+03
10 2.683287884847105e-09 1.421335335758279e+04 1.358000000000000e+03
11 1.290126918746632e-09 1.862387393368928e+04 1.626000000000000e+03
12 7.460118334005785e-10 2.454310234378271e+04 1.970000000000000e+03
13 4.191914321295801e-10 3.189618469941417e+04 2.366000000000000e+03
14 2.170279444028732e-10 3.674540205032114e+04 2.538000000000000e+03
15 1.480079966222437e-10 4.755821500255806e+04 3.074000000000000e+03
16 8.771341735136565e-11 4.944888919926017e+04 3.003000000000000e+03
17 5.768335257699970e-11 5.125862746218619e+04 2.936000000000000e+03
18 3.756110687403625e-11 4.673329709434909e+04 2.532000000000000e+03
19 2.554270301674952e-11 4.382744690592793e+04 2.252000000000000e+03
20 1.717067362034829e-11 3.724390376537398e+04 1.820000000000000e+03
21 1.044716492440833e-11 2.778517900428411e+04 1.296000000000000e+03
22 7.660673642576143e-12 2.040554614973121e+04 9.110000000000000e+02
23 5.256113975267972e-12 1.251832513867259e+04 5.340000000000000e+02
24 2.726335332255328e-12 6.220446529685479e+03 2.540000000000000e+02
25 1.223381469470264e-12 2.639827218517951e+03 1.040000000000000e+02
26 6.306759067483833e-13 1.259534770590643e+03 4.800000000000000e+01
27 7.431080336085133e-14 1.905992764470807e+02 7.000000000000000e+00
28 0.000000000000000e+00 0.000000000000000e+00 0.000000000000000e+00
