# Bin    val_sum    K_sum    Count
0 0.000000000000000e+00 0.000000000000000e+00 1.000000000000000e+00
1 0.000000000000000e+00 3.682696920902816e+01 2.600000000000000e+01
2 0.000000000000000e+00 1.583945107837454e+02 6.600000000000000e+01
3 0.000000000000000e+00 5.393392569099578e+02 1.580000000000000e+02
4 0.000000000000000e+00 1.036698091578143e+03 2.340000000000000e+02
5 0.000000000000000e+00 2.241523754790548e+03 4.100000000000000e+02
6 0.000000000000000e+00 3.027933579638610e+03 4.700000000000000e+02
7 0.000000000000000e+00 5.493100622919766e+03 7.380000000000000e+02
8 0.000000000000000e+00 7.316230086157989e+03 8.660000000000000e+02
9 0.000000000000000e+00 1.107093570509852e+04 1.170000000000000e+03
10 0.000000000000000e+00 1.421335335758279e+04 1.358000000000000e+03
11 0.000000000000000e+00 1.862387393368928e+04 1.626000000000000e+03
12 0.000000000000000e+00 2.454310234378271e+04 1.970000000000000e+03
13 0.000000000000000e+00 3.189618469941417e+04 2.366000000000000e+03
14 0.000000000000000e+00 3.674540205032114e+04 2.538000000000000e+03
15 0.000000000000000e+00 4.755821500255806e+04 3.074000000000000e+03
16 0.000000000000000e+00 4.944888919926017e+04 3.003000000000000e+03
17 0.000000000000000e+00 5.125862746218619e+04 2.936000000000000e+03
18 0.000000000000000e+00 4.673329709434909e+04 2.532000000000000e+03
19 0.000000000000000e+00 4.382744690592793e+04 2.252000000000000e+03
20 0.000000000000000e+00 3.724390376537398e+04 1.820000000000000e+03
21 0.000000000000000e+00 2.778517900428411e+04 1.296000000000000e+03
22 0.000000000000000e+00 2.040554614973121e+04 9.110000000000000e+02
23 0.000000000000000e+00 1.251832513867259e+04 5.340000000000000e+02
24 0.000000000000000e+00 6.220446529685479e+03 2.540000000000000e+02
25 0.000000000000000e+00 2.639827218517951e+03 1.040000000000000e+02
26 0.000000000000000e+00 1.259534770590643e+03 4.800000000000000e+01
27 0.000000000000000e+00 1.905992764470807e+02 7.000000000000000e+00
28 0.000000000000000e+00 0.000000000000000e+00 0.000000000000000e+00
