# Bin    val_sum    K_sum    Count
0 2.119042373277589e-11 0.000000000000000e+00 1.000000000000000e+00
1 1.860282589511777e-03 3.682696920902816e+01 2.600000000000000e+01
2 4.737918137485675e-03 1.583945107837454e+02 6.600000000000000e+01
3 2.689587434564248e-06 5.393392569099578e+02 1.580000000000000e+02
4 6.803079965699430e-07 1.036698091578143e+03 2.340000000000000e+02
5 6.750224850485100e-07 2.241523754790548e+03 4.100000000000000e+02
6 1.110045227654437e-06 3.027933579638610e+03 4.700000000000000e+02
7 2.349252163091153e-07 5.493100622919766e+03 7.380000000000000e+02
8 1.503349889121616e-07 7.316230086157989e+03 8.660000000000000e+02
9 1.302327459238404e-07 1.107093570509852e+04 1.170000000000000e+03
10 7.092165736621404e-08 1.421335335758279e+04 1.358000000000000e+03
11 3.275694927230626e-08 1.862387393368928e+04 1.626000000000000e+03
12 1.971591880448453e-08 2.454310234378271e+04 1.970000000000000e+03
13 1.293905259065950e-08 3.189618469941417e+04 2.366000000000000e+03
14 6.715873157953445e-09 3.674540205032114e+04 2.538000000000000e+03
15 4.907756287446777e-09 4.755821500255806e+04 3.074000000000000e+03
16 3.149038269650438e-09 4.944888919926017e+04 3.003000000000000e+03
17 2.281533144503599e-09 5.125862746218619e+04 2.936000000000000e+03
18 1.485688486379591e-09 4.673329709434909e+04 2.532000000000000e+03
19 1.032399610786014e-09 4.382744690592793e+04 2.252000000000000e+03
20 6.714912552875934e-10 3.724390376537398e+04 1.820000000000000e+03
21 3.737127382142716e-10 2.778517900428411e+04 1.296000000000000e+03
22 2.693804788814978e-10 2.040554614973121e+04 9.110000000000000e+02
23 1.501608806297212e-10 1.251832513867259e+04 5.340000000000000e+02
24 6.781898172726219e-11 6.220446529685479e+03 2.540000000000000e+02
25 2.435194213270245e-11 2.639827218517951e+03 1.040000000000000e+02
26 6.064204351289037e-12 1.259534770590643e+03 4.800000000000000e+01
27 5.290029913008383e-13 1.905992764470807e+02 7.000000000000000e+00
28 0.000000000000000e+00 0.000000000000000e+00 0.000000000000000e+00
