# Bin    val_sum    K_sum    Count
0 3.156637926499453e-10 0.000000000000000e+00 1.000000000000000e+00
1 4.561615557652654e-03 3.682696920902816e+01 2.600000000000000e+01
2 8.999170034762721e-03 1.583945107837454e+02 6.600000000000000e+01
3 1.977137075697829e-05 5.393392569099578e+02 1.580000000000000e+02
4 4.783904486543151e-06 1.036698091578143e+03 2.340000000000000e+02
5 2.415384629129545e-06 2.241523754790548e+03 4.100000000000000e+02
6 3.677595577255729e-06 3.027933579638610e+03 4.700000000000000e+02
7 7.852510197619362e-07 5.493100622919766e+03 7.380000000000000e+02
8 4.090965704573067e-07 7.316230086157989e+03 8.660000000000000e+02
9 3.102870959347404e-07 1.107093570509852e+04 1.170000000000000e+03
10 1.637885598522198e-07 1.421335335758279e+04 1.358000000000000e+03
11 6.826015076412029e-08 1.862387393368928e+04 1.626000000000000e+03
12 3.864666961084160e-08 2.454310234378271e+04 1.970000000000000e+03
13 2.595205711913827e-08 3.189618469941417e+04 2.366000000000000e+03
14 1.349529735043003e-08 3.674540205032114e+04 2.538000000000000e+03
15 9.880536334505315e-09 4.755821500255806e+04 3.074000000000000e+03
16 6.746642408002803e-09 4.944888919926017e+04 3.003000000000000e+03
17 4.775977952295125e-09 5.125862746218619e+04 2.936000000000000e+03
18 3.170509835980535e-09 4.673329709434909e+04 2.532000000000000e+03
19 2.143762334890392e-09 4.382744690592793e+04 2.252000000000000e+03
20 1.322230921762005e-09 3.724390376537398e+04 1.820000000000000e+03
21 7.702833063629441e-10 2.778517900428411e+04 1.296000000000000e+03
22 5.047702477455989e-10 2.040554614973121e+04 9.110000000000000e+02
23 2.790031356564794e-10 1.251832513867259e+04 5.340000000000000e+02
24 1.127198510159648e-10 6.220446529685479e+03 2.540000000000000e+02
25 3.915562272407879e-11 2.639827218517951e+03 1.040000000000000e+02
26 1.277160571726402e-11 1.259534770590643e+03 4.800000000000000e+01
27 8.947230160701819e-13 1.905992764470807e+02 7.000000000000000e+00
28 0.000000000000000e+00 0.000000000000000e+00 0.000000000000000e+00
